# collectivityArrayWhole
0.748606787493135
0.461063985500329
0.504376711490235
0.565825821461305
0.094986600776503
0.357150077397295
0.417331816567314
0.209807721327376
0.159201156526910
0.181837266278081
0.150511200586568
0.057527712863263
0.219579508667924
0.035821623691303
0.122650143188885
0.049527267130144
0.077755737054017
0.098135860119986
0.064381092814125
0.058086653682530
0.088459357421828
0.100590222132782
0.114676946168174
0.158923732770348
0.438832519712537
0.168899019044738
0.166785054603422
0.180412055524512
0.225525028334124
0.256524775027174
0.132088146694872
0.078941910148594
0.200872367091592
0.328958582687567
0.347190834007728
0.209002120893684
0.130158162386777
0.115771612383213
0.035182407604361
0.138225473399060
0.363214286413263
0.290202101036034
0.217321810984633
0.316358553191595
0.311562600838980
0.081185198692826
0.254922830883122
0.209940620257282
0.238735399302327
0.155986431554024
0.321350691980080
0.277764282243214
0.213170047757100
0.287851504747236
0.131535573276700
0.208097578159750
0.231949728918416
0.213353499277159
0.371936057707202
0.329064847727854
0.185835409261041
0.201837186221580
0.030412987555371
0.274714746095721
0.215580797509136
0.227668015430348
0.205582533440293
0.163351359285289
0.129119944199636
0.235057247730457
0.284683014907561
0.199584147800477
0.225711663284987
0.164376293107413
0.213600517785002
0.151071484309652
0.302409435435277
0.215709655621645
0.162894118055605
0.293998592027718
0.140866818845789
0.243937685056923
0.189249530384247
0.253454481214719
0.254204403281664
0.300071190289232
0.243398400458672
0.112400905354488
0.235202320014492
0.250806796717730
0.495306281327412
0.360023679043672
0.239926680147091
0.178274916745606
0.274402659588218
0.150842415167157
0.286634226479571
0.146316757045837
0.333802781527816
0.274903713913366
0.194868860944641
0.061220867303821
0.356686236485786
0.273111843378557
0.085664393668015
0.186331875826109
0.286692595259319
0.343004834930661
0.275907835085504
0.316986290184910
0.329309599121024
0.217675471625503
0.253906881431183
0.357474861499590
0.222352468687613
0.164153826946579
0.227437217821430
0.188696751260536
0.161015637151792
0.301962049771768
0.237964709428723
0.191362145714762
0.354513001536741
0.130444965596183
0.202938749175737
0.235910266526338
0.294514943223258
0.173782609400169
0.326508970306119
0.214749060742913
0.276091905024059
0.328240356289036
0.306213063481427
0.095714977680313
0.238379615481664
0.135095457137935
0.334214605195032
0.266622145731442
0.171375384233328
0.356772622879154
0.346303850830817
0.171966424214613
0.262804541834344
0.281657750359189
0.226977916484930
0.171304236258125
0.316218063051008
0.332929467681640
0.195049697362502
0.292228855082582
0.306544155860557
0.307999915891330
0.180002854556771
0.283063426987619
0.255760403122948
0.325492074606359
0.265578877221006
0.220143342969016
0.216706586072709
0.288439500140960
0.314145693305368
0.180054833099335
0.291633012238038
0.323885570408151
0.262839542012167
0.190923676290544
0.249464475558383
0.341007678173052
0.322797924806973
0.307463622212747
0.245403255512726
0.283595431395092
0.390324943033536
0.255914300815551
0.286081081585194
0.112656722972557
0.321273182383665
0.240747910210439
0.269645407836363
0.319908543745456
0.181712977467499
0.311432176528976
0.314515473109810
0.270706996190094
0.327734272331798
0.292108540247102
0.373094462879808
0.277049327245571
0.366601593560270
0.256230071652840
0.288963409198401
0.287509212867598
0.341031039782343
0.302402024706851
0.299029494251160
0.338745307546353
0.188022642228119
0.369439071731411
0.253394996527196
0.108889805078263
0.290770593211609
0.335284513435532
0.254159971992291
0.260419548569402
0.259364049044898
0.328955975954418
0.314286057667521
0.303783246608943
0.255842050579807
0.223454262614146
0.273150448427992
0.117544732312466
0.354234296805061
0.242642715875480
0.238825859519740
0.372440074168359
0.171715065671417
0.311904334110701
0.392441359603866
0.387343341994295
0.334666065766948
0.382240295225080
0.268576735800515
0.297238478482221
0.194965474111566
0.380530863375121
0.285822726711884
0.306154110071149
0.276599883390008
0.331879320558254
0.197444100775072
0.374943698375956
0.365884632706722
0.267799073464806
0.155084361025734
0.333600707060925
0.246449282051524
0.238320978449351
0.272095743407309
0.301867764171842
0.349896460631758
0.310046030030616
0.210224931385993
0.324230944875986
0.312233713868096
0.259436582140116
0.363222947269181
0.338324043165228
0.323913619443309
0.235453198954720
0.334730936011939
0.305578215453420
0.256954208158825
0.352877334795775
0.327509430724587
0.261014433570290
0.364374167469934
0.259535125972335
0.400006643004906
0.270523593601269
0.284773802265122
0.280757047322474
0.327054063751495
0.221302276229715
0.161816698812064
0.202923028219239
0.237105370665330
0.144728882580020
0.331605582986506
0.282481057864104
0.290783458189307
0.370287990737858
0.276920876744951
0.355545319130146
0.080168166836603
0.328583324574656
0.244609131973748
0.284174037772283
0.314938205393757
0.232213086911314
0.414844099805457
0.367466814761312
0.352719116667688
0.304040333757136
0.301988938385197
0.356702998141093
0.333235673447894
0.252046877477036
0.314941435838933
0.335256881939903
0.377691514839036
0.350278594986908
0.330393308066306
0.219152330876504
0.432968537063378
0.379890273778246
0.361452325269229
0.347061017162511
0.324505847572455
0.308691979466258
0.255991373381797
0.129788634811215
0.220803582329422
0.285479107281028
0.306902911832036
0.369879947000668
0.357520870463266
0.330203707666438
0.360335241427126
0.191575838132705
0.306491445929185
0.180615205904152
0.228260257467879
0.206360227394406
0.449814240901468
0.337270782584638
0.350059919951741
0.320642878221642
0.097968707388018
0.465227536909539
0.354772669715667
0.179734302093877
0.285269319775544
0.341679570917230
0.233590963304919
0.280360115530657
0.343134538976682
0.245609612577861
0.293321528076446
0.181754601611254
0.207356188071102
0.371950830192445
0.383874790602631
0.402623860612362
0.287823924799045
0.227205993276765
0.297983180782726
0.232055917914587
0.159741491837926
0.310671252696984
0.272939484948452
0.303890894329709
0.292720725655650
0.332577253097917
0.339466418574673
0.248697190744018
0.336074160096375
0.378598124351190
0.273960056501442
0.299092134149883
0.291824838084641
0.256703167757167
0.223961228963238
0.276993605453566
0.341349407123403
0.290859061667750
0.349400116789678
0.356073029816110
0.490095092728459
0.349586064799710
0.355058338199806
0.196904913790687
0.366045806781279
0.171692145515892
0.247000365538034
0.305961463283645
0.183553590289931
0.233783642533738
0.303836247465701
0.318051078471940
0.277655166216017
0.175017440817896
0.288105002922694
0.235506981365811
0.290027144727817
0.174667426798693
0.191403168992282
0.235995532372816
0.308138359471343
0.438828938330733
0.426611567401051
0.101903786503410
0.266076047375304
0.243636464252505
0.348381933334740
0.369722679715845
0.338387304115366
0.295668641004334
0.369896160106768
0.264388056371948
0.276643484949089
0.225341201668982
0.333956447967341
0.329535133134492
0.305915010105811
0.290335148942934
0.333493649212273
0.243595374325341
0.270570912698158
0.147179651911410
