# correlationArrayWhole
0.046003791809705
0.305446280271321
0.005880362866374
0.256840624600032
0.461831259028340
0.216436836933188
0.598152115941476
0.453960444974578
0.566185759785330
0.186030477464903
0.098424104259382
0.171694391373714
0.213353127871504
0.518559644256469
0.239099412871047
0.058361406999517
0.264627843802034
0.103992909191789
0.247581764739574
0.211747480626656
0.104535359506271
0.061655088393693
0.249153424208521
0.082634456896553
0.198051358869614
0.168216906485706
0.558471507547186
0.656838216477744
0.374905158559793
0.564729318646520
0.286546307728300
0.101825631718117
0.149872731976700
0.367472681920225
0.364812737698464
0.234369387770603
0.201620894972201
0.096162452120632
0.075446068147103
0.098282991589899
0.202907705850190
0.174653227209719
0.188796625681754
0.250922876005001
0.172275987185475
0.181406865621638
0.176944426685088
0.059000430686515
0.443696468837149
0.369187372812710
0.089667345149540
0.247729984163033
0.146534814436775
0.195204463578356
0.126201994771863
0.227504155414444
0.162045814382114
0.346876324092374
0.203313318007091
0.106051908833978
0.086604807666223
0.113676795468050
0.152519888918492
0.241592037900259
0.241051005812185
0.146606949652113
0.409679399892629
0.076122957205099
0.109694775821943
0.126531591184448
0.136018355547602
0.110059243721147
0.151073888335603
0.112902093252184
0.291466396519694
0.122262735325197
0.313808877317331
0.166722458728798
0.080570334064263
0.307599810899772
0.182526677965589
0.131337506053325
0.170843971107211
0.108320118558837
0.351072082194034
0.149804663084958
0.194651420052693
0.093000754392941
0.045407631089702
0.207864050572447
0.498238739171366
0.285079025566176
0.144664268503520
0.101639153911030
0.354817224496289
0.104761329101095
0.196628359738650
0.246387503612665
0.225845990926935
0.358573012716631
0.146250729025478
0.273734882126305
0.285177992015000
0.211677763319685
0.183944729921851
0.106766280948924
0.209736377311427
0.165048602073215
0.080676844378194
0.175726565494167
0.289864898133887
0.091866303885802
0.164762080852719
0.155930923101427
0.173363912318981
0.040926398949450
0.240645757209953
0.132224629256374
0.334996115714491
0.065162993012316
0.009252271289670
0.147088996296685
0.288380307676974
0.180666483320113
0.126202750726065
0.167988701972588
0.082165014168449
0.107846682304406
0.143001400416907
0.141402662723356
0.468279691418985
0.100839028616751
0.207282713894260
0.118361057288144
0.159868930708040
0.209284361963416
0.165762920405753
0.145456646947653
0.092545142575162
0.103540103560824
0.102654207361892
0.242481489986188
0.121806320668076
0.095156897577437
0.133077127253109
0.260991061194271
0.232620233579815
0.162609949252895
0.163979192726972
0.175048706751616
0.403700941604740
0.114337090153001
0.089043729030484
-0.005152880571970
0.119565018191644
0.152552976882518
0.054185764227374
0.118239211737083
0.043412597545086
0.021137536367998
0.380087872228394
0.156878962800509
0.088018484307031
0.098679565603844
0.074970555896661
0.227732721068973
0.104384538608915
0.063126626085442
0.216539976888492
0.059510676399275
0.207480244091150
0.102672123023804
0.193072982637754
0.148612863911947
0.165815168338538
0.102512797908337
0.045691289099407
0.197716427039841
0.250969620845746
0.233248600816546
0.153154845694013
0.052103557748493
0.218904076714158
0.139127495946455
0.057039448041534
0.081660002133840
0.325338460784927
0.453629707892119
0.127668194205244
0.040897004020990
0.156599956231516
0.250267450997788
0.058233298027665
0.140848364340016
0.076794551744458
0.034936557588581
0.196132627830355
0.127191433856623
0.183905405519962
0.276327099103761
0.019585482587290
0.046480648962885
0.084386159080119
0.340356351413863
0.111279074108306
0.078932870780071
0.154541185159479
0.217284460490321
0.094332131768542
0.018517173894285
0.209816038221522
0.193227156179321
0.173799372030018
0.189628759281734
0.096261127134967
0.113414176470372
0.180436406515798
0.133502233424327
0.210489418022540
0.197852679075404
0.018239190973527
0.105565977245876
0.301733216129708
0.242906425767058
0.243482290346087
0.134411849025121
0.206467975219250
0.167295219035826
0.023491078867511
0.133806033518935
0.248803852554644
0.089939631494369
0.162908255588603
0.391906090707842
0.444678352070408
0.055100229162555
0.145821255695104
0.192779296065802
0.157761292395033
0.114532702462048
0.085161673742164
0.164195957606637
0.141374736943128
0.059133971203242
0.316529109328632
0.040183304968550
0.119766881375030
0.197694382057962
0.096709991184829
0.204826817017920
0.194867093055166
0.103816437371247
0.209877030792250
0.124715067343484
0.174479228026065
0.120744371485555
0.117828146698172
0.078755811382095
0.153074561162026
0.164942215440648
0.156971606760101
0.140619360006997
0.069282278982152
0.296055062241193
0.233057432602089
0.179274473596376
0.092183526563253
0.175206191318812
0.340793871432550
0.186646589380930
0.138980802844228
0.095307719222489
0.014135007071901
0.115384149755157
0.114861574659610
0.175057810462167
0.029730484724023
0.147044294801166
0.148080928636848
0.271178860733002
0.106212030313942
0.198974745006139
0.076260416096960
0.110134572503262
0.123710694058811
0.194261855246474
0.221450380523393
0.402901978875798
0.199777046680221
0.156415917175684
0.339807621696693
0.107638869041503
0.153570215331182
0.204282684396155
0.142505202930194
0.047374681680909
0.275986969679256
0.149239069588714
0.082341594067595
0.200679757584499
0.104698818764929
0.142722216590390
0.249049429723524
0.078966986600312
0.298671966034007
0.355621923032602
0.172993155100113
0.138502222562062
0.211691752289557
0.079982752780824
0.189369946931676
0.211608347469664
0.189483525025502
0.235153082161307
0.244551505546185
0.044209968229765
0.079591241660196
0.170007163044600
0.378581319629726
0.318517344438276
0.231449048610173
0.072941544858667
0.170433684270329
0.195947247032569
0.166058415267264
0.337495977716885
0.147874893815699
0.320923683323989
0.125049855216972
0.210167562197716
0.214184601041404
0.109382220384347
0.195056036750226
0.131437349786763
0.084531030877965
0.362451072258546
0.120087985801776
0.419406520856004
0.187578175997116
0.084359636136716
0.247317586963716
0.286687340363145
0.322118902401110
0.403563737853751
0.148256364867293
0.135705277709560
0.224642620719234
0.174517137609621
0.139629527972482
0.046382086479874
0.266166251257847
0.204771069608249
0.044864919871690
0.229046698870592
0.155599436028480
0.490547227040748
0.137768317451566
0.330252333442152
0.347352690364382
0.106964303830946
0.063566237689982
0.211864147906069
-0.005295324435313
0.335493536145807
0.197311095259108
0.222733112669495
0.068147321059660
0.119807596364039
0.320717585976905
0.100576888870321
0.226662800333504
0.244101904006168
0.137150288889760
0.180013424233727
0.098236391675493
0.133149814414876
0.227310075672632
0.232836943072216
0.194187778751148
0.232986967210655
0.202964295011406
0.196244686752764
0.167035775941779
0.179179782874921
0.215556279597193
0.175467707725569
0.089812523771586
0.341512375924626
0.094486136870496
0.214933864223275
0.232502134156901
0.278386396755115
0.204510733149045
0.133098786535841
0.102538592572580
0.259157590125361
0.222963934297810
0.196081701570417
0.323790783136513
0.382537416844187
