# cumulOverlapWholePrody
0.002655161869096
0.028555026329180
0.030636400756548
0.050800712477757
0.184311852734370
0.224138947590096
0.231488329892852
0.290011556989919
0.299846271153695
0.357865164130486
0.410334329363340
0.436035004196606
0.455517548291204
0.553062404849220
0.556937101710978
0.557160729287907
0.569796891758371
0.571440644055648
0.581648123575038
0.591529185450593
0.592075242643251
0.601436565524463
0.619091459216219
0.620261449594184
0.643684501057777
0.645226571584152
0.647705082850872
0.654170850738328
0.666790033523012
0.696839859797433
0.721655057132964
0.724071090878152
0.724107698325970
0.724744529989814
0.737595009934802
0.739132810380138
0.739182753688142
0.740670835130179
0.741081196832531
0.741257332202287
0.741810516347699
0.753807993752637
0.753912650699020
0.754386559811311
0.758801183274540
0.763940716333737
0.766177738857759
0.766243943827704
0.767416156368387
0.778719236915209
0.778833339824215
0.779437915777777
0.779492035175309
0.779494493092845
0.779551390932230
0.779557945094648
0.779725281230569
0.779937577170572
0.780026388358199
0.780236178070805
0.780290594957957
0.780576211746253
0.780782276915231
0.782247210951082
0.782781234935188
0.786446523015622
0.795965759002441
0.797155155753407
0.797498087268879
0.797581134570820
0.800190245703338
0.801197160944227
0.801259441668563
0.801634197798442
0.802365145879129
0.803627801030567
0.803746593694282
0.803882908291678
0.803932130017479
0.803969191846316
0.804377162177570
0.805470631650836
0.805870157553447
0.805894810750503
0.806297478655372
0.808042121391275
0.808044120526708
0.808145440215819
0.809197353739326
0.809801133617980
0.817352098489363
0.818655077380061
0.819253034361177
0.819879699083396
0.821057220512007
0.821434204240698
0.821987450184817
0.827202486484750
0.828704865467714
0.830580038942391
0.830835053158797
0.840260673930818
0.841828096496106
0.845552245192793
0.845992515320036
0.847053959696663
0.847180715375555
0.847651302314039
0.847651712943574
0.848397070863491
0.848510310664907
0.848736684139990
0.850092526789045
0.850097485735339
0.850966682567382
0.851040386595890
0.851165295745898
0.852978315470989
0.859704220950098
0.859914315841686
0.860387320879413
0.860645023053468
0.860651108547599
0.860738956779487
0.860830240611335
0.861121072743717
0.861133839089184
0.861408060387553
0.861507566991615
0.861699672656030
0.862110904695032
0.862269479037825
0.862698966880449
0.863154861748408
0.867904989567994
0.868997011427029
0.871686842504536
0.871874019148702
0.872088463185643
0.872455142929743
0.872942056856788
0.878767897482667
0.879700475760169
0.880375234388611
0.881210536598122
0.882193658662698
0.882699795931075
0.883281247656914
0.883374045411631
0.885310781539283
0.886966760441366
0.886983289724025
0.887002004773065
0.887253133204741
0.887400988114309
0.887855062274387
0.888659907331169
0.889482079040558
0.889493651863368
0.889538917907076
0.889539656847855
0.889541569907373
0.889579276788275
0.889604136421395
0.889610338731012
0.890068879644143
0.890074343303836
0.890548243581460
0.891662428049295
0.892542466221655
0.893416210843153
0.894583278801826
0.894907850257790
0.894915491947058
0.895602421296052
0.895607448943922
0.897749211514047
0.898272017232589
0.898473043323487
0.898626647340804
0.899417700552416
0.899424670324884
0.900080494458375
0.900983764860568
0.902000462330120
0.902001022824748
0.905416871244672
0.908648967166536
0.908745906222285
0.909060917610610
0.910264643020312
0.912273127139772
0.913232515206307
0.913955125690486
0.914380357039035
0.915195724318288
0.917331616002481
0.917501332172526
0.917501364368503
0.923422125620955
0.923545469471140
0.923552151568128
0.923618473874799
0.928208353247254
0.929086591944247
0.930713348959901
0.930718090247748
0.930922909255149
0.930934092738478
0.931561129116236
0.931717065054482
0.932467000434878
0.933792226345944
0.936810682173846
0.937086463072091
0.937613198575628
0.937856372186095
0.937879524183554
0.938939935318998
0.940650814371762
0.941004674834672
0.941011792053880
0.943739832165616
0.944647141966751
0.944949099984777
0.945112759653221
0.946269515627894
0.947333077456073
0.947438841087037
0.947439934110888
0.948269864935917
0.948270251832439
0.948277508776890
0.948816396778825
0.949781239726914
0.950820605549099
0.950872938539210
0.950877754096657
0.950890271803164
0.951315065596966
0.952213938139621
0.952510366843424
0.952624140341482
0.952624145051828
0.955143802232967
0.955144328964476
0.955158728394214
0.955307183817998
0.956049497107941
0.960333450634600
0.960468305683716
0.960556754758986
0.977625276420635
0.978191945467600
0.978227685448922
0.978465258211255
0.978496292323587
0.980764307043288
0.980776437438018
0.982253683565121
0.983544298530523
0.984068575224261
0.984436810062242
0.986989302086972
0.986992903415858
0.987265703751709
0.987657919362010
0.988402057691899
0.988836950101999
0.988874666267910
0.988875639613696
0.989033659637693
0.989517007999488
0.989517014704798
0.989663046850827
0.994225127413138
0.994299348588809
0.995027036429566
0.995198093800888
0.998511710956301
0.998661071658613
1.000914027298251
1.000917285613273
1.002242785714679
1.002420662131288
1.002427047827851
1.005323221841884
1.012085476812670
1.012349771059765
1.012808929372288
1.012814574791243
1.012879290411561
1.012891606729943
1.013078640330564
1.013092607543921
1.013213064568977
1.013877791173045
1.013944663818566
1.013997665390657
1.015297471898287
1.015393691928355
1.015557513562588
1.021305596062409
1.021940322603704
1.023593202585886
1.023795905521250
1.023985913902002
1.024051353466973
1.024843470885502
1.024881091267492
1.026087419878164
1.026551762812910
1.026567514945943
1.030496589431842
1.059965003596881
1.060040065233677
1.060040771629397
1.060091304278172
1.070235324359967
1.074823322686022
1.074986267349428
1.075485994805193
1.075784868498517
1.076691169661981
1.077610599613905
1.080731999214201
1.080732467188881
1.082660662486546
1.083441633111179
1.083596848990208
1.084102696381908
1.084204222517436
1.084425157038967
1.084425673512452
1.085604176657752
1.085726511867134
1.085727815768104
1.089710855740412
1.089760212904118
1.090212445687490
1.095537708951766
1.095909890457588
1.095934840325144
1.097459159833710
1.098288879989621
1.099365220487615
1.099518711157988
1.099673572354128
1.099937963070205
1.100646322072851
1.105097722978962
1.106718523435545
1.107002133675020
1.108234790710333
1.109327633103161
1.113432338687246
1.113537127352845
1.113671001764060
1.114011350878611
1.114103377331181
1.114920715831531
1.115040528961973
1.115061639432701
1.115123274748689
1.116029563545617
1.119628391413058
1.119661252539361
1.119794115650457
1.120264110511117
1.121226393050004
1.121370476481783
1.121481135833555
1.121529144248710
1.121529186257203
1.121816492495294
1.121970094613374
1.122233470512246
1.122735992462405
1.122736933319191
1.123693137791843
1.125057150179319
1.125290017920239
1.125689462338364
1.129234404957795
1.129248259537359
1.131803726907417
1.131974661105168
1.133688289633302
1.133689061101882
1.134005000236604
1.135375856771820
1.143449779480950
1.143492980473718
1.144161884383157
1.144209633668024
1.144341229291316
1.144398059748909
1.145367222093681
1.147906342861079
1.147976178011461
