# L_RMSReductions
1.650915151668438
1.650015601601158
1.646899288781620
1.646896517198964
1.621628917940592
1.588834562504942
1.586318153867528
1.557089064640081
1.551905719604184
1.493585727655978
1.490844706967989
1.483537896002977
1.481517718675465
1.391974945883478
1.386720917838992
1.386648027019151
1.381124509293677
1.380827529287523
1.377082444080224
1.360430445792361
1.291167877447531
1.274296666323979
1.243020749409221
1.215126085944308
1.189083029896926
1.183651481592460
1.180722706469727
1.164531430327121
1.138053406079740
1.130390179085629
1.108977063908944
1.099131645059031
1.093969163814124
1.088103462850033
1.071543763693363
1.060904643358688
1.053218780207007
1.039748837952532
1.016848005728240
0.996243131581638
0.985045244185644
0.976096076423853
0.964502552142530
0.954271249090131
0.949890882849724
0.938650631872897
0.936053909092554
0.930726227050767
0.928008628004754
0.925536377982023
0.921876579132449
0.920832726809352
0.919493511060756
0.917270853265159
0.915321140818758
0.913171354280030
0.912377671687372
0.910562063853596
