# overlapTApproxWhole
0.001887405733303
0.034802668904581
0.063510501491376
0.075483678898379
0.210278905026591
0.375834788553582
0.377398172037124
0.472083276913960
0.473406038951804
0.563446102696193
0.576206796965297
0.581659251621492
0.587891162033572
0.629078528388658
0.632188822284439
0.632903001488784
0.633570462329055
0.634631693742595
0.636788520495763
0.643525053004619
0.705902043540455
0.721324360177931
0.748391305768200
0.779077940241269
0.797955654203655
0.809420406704814
0.815430623911875
0.832983686367808
0.850532060788936
0.856742726503804
0.863076496068811
0.867219280273570
0.872212979961904
0.876638000214292
0.884399262377504
0.887622943664353
0.888347558217077
0.894489133115539
0.898800257118518
0.903494560366133
0.906634397241214
0.910219752460984
0.913272390097027
0.916115589444353
0.918964809632010
0.922349351217718
0.925005707780940
0.926768959548508
0.927667271374207
0.928416043933124
0.930627494372113
0.931593990427304
0.934007616352953
0.935520945296522
0.936532440083990
0.937609867144516
0.938603847375920
0.939246784519650
