# overlapArrayWhole
0.002655161869097
0.028431314498438
-0.011099528037519
-0.040523121016672
-0.177172646506531
0.127543752369216
0.057866908071764
0.174699331169684
-0.076164841869844
-0.195345052083139
-0.200765500412602
-0.147486484230496
-0.131794202894116
-0.313658710793075
-0.065581335794735
0.015784264265652
-0.119333229223333
0.043311797714171
0.108490229880986
-0.107667253988753
-0.025422740041601
0.105701700075248
0.146793366759554
0.038079272290996
-0.172062404520337
0.044582415549629
-0.056608706685594
0.091747629968591
-0.129110212027985
0.202427373141299
0.187617246763392
0.059100957351766
0.007281080239782
0.030375565430484
0.137083058510394
0.047654094259793
0.008592553144586
-0.046926992898040
0.024658756787407
-0.016158349077612
0.028642793515796
0.133953907301492
-0.012561585833263
-0.026735682896117
-0.081732209776181
-0.088465712757319
-0.058505636042060
0.010072434236354
0.042400183992465
-0.132197174276067
0.013331214495894
-0.030693538900942
-0.009185224534024
0.001957513812311
0.009418404445770
-0.003196663231512
-0.016153155416191
-0.018196430765738
-0.011770397292935
0.018092181609793
-0.009215151073385
-0.021114207640536
0.017937156987711
-0.047851176535312
0.028909561150453
0.075839777140389
0.122732864143922
-0.043529907418995
0.023384970670986
0.011509432034448
-0.064565959262538
-0.040155465211114
-0.009990102998845
0.024509063975096
-0.034240914732000
0.045031269886468
0.013818259150024
0.014803491761251
-0.008896034563466
0.007719570167878
-0.025615573287010
0.041956160681802
0.025372670005734
0.006303583058246
0.025478973515845
0.053070197441701
-0.001797435748108
-0.012796555155201
-0.041246875725420
-0.031265295620501
0.110844832518251
-0.046170150694883
0.031295344539439
-0.032049752870874
-0.043957233600662
-0.024883579759479
-0.030153214833367
0.092739341086813
-0.049877854838691
-0.055780346356770
0.020583597057803
-0.125503444563452
-0.051347287129742
0.079272033532109
-0.027289863080425
0.042391917393244
0.014654482810415
-0.028241207666249
0.000834350939212
0.035555075496689
0.013862086960710
0.019601318840535
0.047993177615551
-0.002903644427660
-0.038452042679032
0.011200213281296
-0.014581531638341
-0.055584584027624
0.107328192268803
-0.019007447752385
-0.028525626033091
-0.021059766775791
0.003236500812045
0.012297197795746
-0.012536005469401
0.022378533739319
0.004689019213764
-0.021733791113582
-0.013093566479973
-0.018194446177268
-0.026624915747801
0.016536096458245
0.027218614520803
-0.028050096315687
0.090679410877587
-0.043551520663318
0.068426204968710
0.018065266977910
0.019338623399434
-0.025292069963952
0.029152327605227
-0.101020705881258
0.040495794924421
0.034461953980203
-0.038359568385846
0.041637021664942
0.029887762580768
-0.032044230769247
0.012803969874811
0.058527564469972
-0.054174294809942
-0.005414990471129
0.005761963361880
-0.021108432205944
-0.016198497603837
-0.028391863271107
0.037812951373646
-0.038235298304981
0.004537374892729
-0.008973837866910
-0.001146574772129
0.001844854540215
-0.008190549302411
-0.006650552376034
0.003321933029126
0.028566689235446
-0.003118669071093
-0.029048881876376
0.044561322340577
-0.039625350651690
0.039502807347118
-0.045680596695843
-0.024100160605145
-0.003698279846949
0.035070775647332
0.003000928604348
0.061975351312065
-0.030642620139474
0.019005068688714
-0.016614503664125
-0.037714039242994
-0.003540836346290
0.034353441099933
-0.040334204317063
0.042814594490974
-0.001005551162641
-0.078573949611811
0.076571762408358
0.013273151206433
-0.023929685565917
0.046797098263147
-0.060502381510833
-0.041849352786625
0.036336551100436
0.027883069467367
0.038623522258354
0.062562607899998
-0.017646552655838
-0.000243063171757
-0.104401477327948
0.015093445410009
0.003513187363350
0.011068361066359
-0.092193610164507
-0.040387476927849
0.055004023503536
-0.002970788154889
-0.019526890731902
0.004563118094270
-0.034173853419001
-0.017045586919233
0.037390073365557
0.049731429540031
0.075142080427100
0.022732906499907
-0.031424049233980
-0.021355671538105
-0.006589919021194
0.044611660516906
-0.056707604793483
-0.025803943156951
0.003659880291638
0.071705495127854
0.041392656473885
0.023886789991335
-0.017587691641772
0.046774648553690
-0.044877203965322
-0.014156198570030
-0.001439148253973
-0.039664946710380
-0.000856600709262
0.003709870853339
-0.031973757118102
-0.042800099776071
-0.044445703949430
-0.009976036760054
-0.003026217062476
-0.004879116107745
0.028426132727910
-0.041364597853785
0.023761627823653
-0.014722561501101
-0.000094733193606
0.069331963828545
0.001003099671122
0.005244737805883
0.016840992447653
0.037667299691825
0.090607369939814
0.016094403225638
0.013035063872764
-0.181884309338130
-0.033291156200479
0.008361961556212
-0.021560541451045
-0.007793110071651
-0.066660572147973
0.004877936398526
0.053850521294041
-0.050369517514550
0.032118119060896
0.026923451888926
-0.070936939802935
0.002666263140859
0.023207292196481
-0.027831562552908
0.038346603123162
0.029323816897611
-0.008636648623563
-0.001387456278417
-0.017679063180295
-0.030924573140626
-0.000115195646384
0.017000703272742
-0.095134944566168
-0.012148688178492
0.038047452236329
-0.018451088832788
0.081279708488398
0.017271338380418
-0.067118954074645
-0.002553937555761
-0.051528524893273
-0.018883388218498
0.003578037050024
0.076254797604383
0.116799965755913
0.023131074113178
0.030493744464755
-0.003381640626446
0.011449630346003
-0.004995001435252
0.019465983408450
0.005319771246794
-0.015623147989945
0.036707781473068
-0.011644992581062
0.010367455404181
-0.051358456220468
-0.013978310514616
-0.018240442580452
0.108203776250958
0.036012531360188
0.058146551201842
-0.020371837964343
-0.019725509059178
-0.011576815962102
-0.040286043229662
0.008781310893276
-0.049740747828922
0.030872779305841
-0.005686915507940
-0.089901935954513
-0.248198686578875
-0.012614715632224
0.001223771232507
-0.010350646817913
-0.147003660164256
0.099204463014208
-0.018716303054688
-0.032781855229067
-0.025356621783177
-0.044167765822078
0.044505388124980
0.082079532925600
0.001005738853322
-0.064586720458933
0.041129822061526
-0.018340086774281
-0.033113821298916
-0.014837109628051
0.021888926295043
0.001058373255365
0.050570614034427
0.016298165369686
0.001682664971033
-0.093085225390084
-0.010371716845704
-0.031398329622300
0.107887418188523
0.028558996261754
0.007395014248590
0.057822428731528
0.042683209883332
0.048635625923045
0.018371395394515
-0.018454526479009
-0.024115490228141
0.039481688026992
0.099089106569763
0.059874141180191
0.025056612813691
0.052255405268056
-0.049228510291132
-0.095518455118833
-0.015276163087533
-0.017267489016637
-0.027535244982062
-0.014319409706967
0.042683336438813
-0.016345599943194
-0.006861377889769
-0.011724254854736
0.044967419556608
-0.089698094463436
-0.008578203764160
-0.017249377014172
0.032447123969250
0.046442945348657
-0.017975568226303
-0.015754126619366
-0.010377059733994
0.000306964982029
0.025387540402721
0.018564761574008
-0.024311913359861
-0.033587891160090
0.001453502128581
-0.046347022358474
-0.055383420345209
0.022891772786735
-0.029985683062137
-0.089406799074515
0.005593775806258
0.076013449950406
-0.019671226261753
-0.062309747772908
0.001322577174815
0.026766645280182
0.055776299435540
-0.135643142306156
0.009939728247541
-0.039118042928426
0.010453138452035
-0.017354056506964
-0.011404827973557
0.047107900500093
-0.076307919209623
0.012662278669564
