# RMSDReductionsWhole
1.111604046781540
1.110932619818002
1.109361883418481
1.108434656314018
1.086752114910884
1.030110503661796
1.029403971766606
0.979940691831028
0.979151858631600
0.918356458657433
0.908519983184549
0.904216526006436
0.899222619107688
0.864097780433099
0.861288312536103
0.860639952885676
0.860032901627610
0.859065516003847
0.857091051854988
0.850851097847993
0.787361075347733
0.769895451094967
0.737280985785162
0.696895919903802
0.669982919914631
0.652767964416309
0.643458501666211
0.615048890565817
0.584619400045242
0.573304167728952
0.561442440195392
0.553495205147647
0.543715720430368
0.534849811397322
0.518821133393217
0.511973335517258
0.510417988938634
0.496987590305114
0.487281855367066
0.476433833191187
0.469005627989288
0.460344495022472
0.452811899809516
0.445658621342986
0.438350245326885
0.429488488049307
0.422359044271601
0.417574155515929
0.414700858100585
0.413098805109725
0.406615666572915
0.403979928615023
0.397088780582596
0.392851999588787
0.389614241381846
0.386396530087330
0.383022646051315
0.381615916026187
