# RMSDReductionsInterface
1.267755173460927
1.267734488535724
1.264555487354926
1.264396168295219
1.264277701046292
1.238851551868379
1.237480695162717
1.111872991975110
1.038240842287694
1.036852937391184
1.029019108915357
1.015188718761539
0.998729624468573
0.927466585316857
0.913759734150789
0.888582657764289
0.888110450261886
0.876850232562012
0.872071175583039
0.867603776812753
0.720142160102591
0.650556509638123
0.581244269790360
0.554364200682147
0.509724761823103
0.469468425455916
0.459386524787606
0.459386524431690
0.459386523591539
0.459386523273423
0.459386522619327
0.459386522513467
0.459386522511731
0.459386522509969
0.459386522248069
0.459386522218166
0.459386522216845
0.459386522215640
0.459386522214536
0.459386522213681
0.459386522212640
0.459386522211709
0.459386522210904
0.459386522210129
0.459386522209427
0.459386522208703
0.459386522207960
0.459386522207223
0.459386522206534
0.459386522205876
0.459386522205234
0.459386522204628
0.459386522204023
0.459386522203384
0.459386522202736
0.459386522202111
0.459386522201460
0.459386522200838
