# singleModeOverlapsFromSuperset
-0.001887405733303
0.032071707396771
-0.005758177992465
-0.063496856632666
-0.202485478112972
0.210574907629199
0.048984163895646
0.289307222281176
-0.005270652478146
-0.227530872018133
-0.300802794954514
-0.172190990389080
-0.216500637775512
-0.217431003896781
0.032641918865051
0.060693881488307
-0.045735059097662
0.060464294651850
-0.061947688441359
0.043399801689339
-0.009396631391330
0.162132668701396
0.124290265114174
0.011830378381718
-0.267994895496960
0.066065274790783
0.052729420056407
0.036807252335051
-0.134052121957677
0.177165011087726
0.175847709402653
0.073233541687720
0.009311898477230
-0.011752417353832
0.247242186239862
-0.022985722207997
-0.005852473125880
-0.042467662863438
0.050333033587894
-0.000676581722209
0.053337518792528
0.131226279890996
-0.019124339745534
0.032684236231072
-0.122387072692709
-0.042999871067918
-0.078254496037197
0.005583712689867
0.075175055930972
0.076497586098315
0.014847796675827
-0.020353749500790
-0.011661267952197
0.017147722454876
-0.026004324121132
-0.008686795941821
-0.038636807911663
-0.008895688147860
-0.016413538373663
0.016456102650057
-0.026016188469190
-0.039644026264680
0.006777557286513
0.049297924843708
0.028566163256774
0.101839474772258
0.244486405986758
0.058608809985250
-0.013547642472668
-0.030170772589150
-0.086675622875387
0.045130955808750
-0.061519024960018
-0.019381876244242
-0.081763344353713
0.071971923570530
-0.012852244246047
0.004227589411026
-0.017439499072277
0.010847706808945
-0.031729198166528
0.055892834721528
-0.042358462093908
0.001040571373976
0.070867597533610
0.045307984495363
-0.028122691289310
-0.019397538608169
0.017676699643318
-0.049966108136182
0.140570669367243
-0.050445723198564
-0.004278136280402
0.043102428940863
-0.108436337076528
-0.008405479133101
-0.054001619634956
0.041671820383149
-0.061648465849605
-0.071553858113453
0.019776814529306
-0.036710248274925
-0.099720336817097
-0.091233122278484
-0.009516468714256
0.039566872104759
-0.027615637886147
0.012107224938414
-0.017843218706400
-0.087829997415269
-0.005648949249036
0.013801965086202
0.096132075373620
-0.008787634604283
-0.048077245600577
-0.016143986375796
0.039315644156415
-0.043793320732190
0.063528431801955
-0.032576923486932
-0.024081313497123
-0.047302731050376
-0.006654028740172
-0.011699869168451
-0.011530109587302
0.018734644026858
0.013857665243638
-0.018426114456194
-0.024966107774988
0.025321503860840
-0.003453985778742
-0.019385880389117
0.024823767693316
-0.025924879612182
0.113141198058864
-0.090398096711875
0.062518728578997
0.025528024577767
-0.002728021858925
-0.012431663806925
-0.026817715784251
-0.113679251248132
0.006108063331654
-0.029458211973044
-0.021977671308869
0.032848006791310
0.024785463527094
-0.043993608255484
-0.000317137014019
-0.096097810643932
-0.090833195650765
0.035566611141501
-0.012883106466550
-0.006797536509971
-0.036435578584942
-0.019361572002388
-0.034059708653121
0.035197173244192
-0.015966956935157
0.018233569788358
-0.013615209504110
-0.013702988492484
-0.021048688918638
-0.008504755950246
-0.014362933283048
-0.069168229659567
0.008225286462049
-0.037396690019119
-0.036429702513936
-0.008111328580364
-0.004893536299940
-0.028738125923318
-0.023660228504263
-0.001673981435829
0.008860144836656
-0.019751182600683
-0.023666878380705
-0.023974566225906
-0.034991654997791
-0.010668793007654
-0.060497493739715
-0.003426132583615
-0.014527031048873
-0.013946274888210
0.008218347894800
0.000852818176912
-0.100185309126229
0.071924158258945
0.008913863168272
-0.008438629022388
0.050166226597040
-0.077400411435156
-0.008090648253610
0.020458251012601
0.046298992270549
0.022145525979309
0.091935382123598
0.022053331280921
-0.018419746120449
0.132815660440927
-0.002350221343205
0.007144938313203
0.001964397510223
-0.128197215804593
0.066005312206648
0.031714108170803
0.017754050953367
-0.012975785077266
-0.003678464576708
0.059579118908035
-0.010453754349024
-0.035933907231418
0.026637924579804
0.054125700550343
0.024468337322937
-0.031774444187904
-0.018751442328834
-0.023442364394821
0.076004142500003
-0.017518343002999
-0.009498063431063
0.022209303601831
0.090593029895351
0.036500723370285
0.041396798883471
0.014519354869225
0.044773248168379
0.023518613241045
0.006767153428145
0.004620768158264
-0.012831039489856
-0.000081651823042
0.017190450426145
0.032709878295574
0.069949203045223
-0.008659518847779
0.021266759011104
-0.004662470938846
0.024171581790726
0.027076576873427
-0.047072529273081
-0.028233215189319
-0.013398974560260
0.021636736547945
-0.086276093036691
0.003442568107862
-0.001474355280365
0.013526282878875
0.052334555559002
0.101344099400836
0.010983131080626
0.018992837080078
-0.202451341087011
-0.021390244830031
0.005723901226231
-0.014378476306994
-0.013415192753001
-0.056983501627201
-0.004017437451834
0.085961267818157
0.016102590676160
-0.033892685867906
-0.012587744230595
0.077013238983797
-0.003737729912799
0.019283748687789
0.029992315476033
0.041557208086857
0.003145263116119
-0.002897340704899
-0.013348578064744
0.052958583605605
0.014383776627446
-0.004408508013224
0.039059591957416
0.053167302026725
-0.012734865728411
0.015203954263612
0.028471473548367
0.091397787329000
0.012115864901668
0.072761804752814
-0.015984360370284
-0.017666375079123
-0.014503532819651
0.005431492228137
0.128106008992271
0.103030097255922
0.027115556757625
0.035090961174815
0.015132804042526
0.001840961668988
0.021842583521301
-0.035111644481620
0.003115240961849
-0.014985877354803
0.018272328233118
-0.002836346291713
-0.006438605891881
-0.058083467828141
-0.027089454942560
0.024752857465117
0.115364791906190
0.045292551825757
0.074649916635072
-0.052556576402685
0.042490958103042
-0.012708170825675
-0.022750490087087
-0.011993768937665
0.060757585554602
-0.061684824789927
-0.041589933190347
-0.097843337470105
-0.362715594919038
0.011246725512889
-0.038481423927131
-0.000685334472311
-0.132600897035698
-0.098456069836598
-0.020338252656792
-0.005104935293041
0.032845680721403
0.038461313983858
0.082722815811864
0.101061338570828
0.011404256861631
-0.065683891484535
0.018164191839571
-0.006564662518100
-0.038364421513498
0.010601620073797
-0.009612187729051
0.017631654850958
-0.017840447218611
0.024221536566444
-0.000995380018052
0.067190936863095
0.010636644263532
0.011029216140725
0.106898658954798
0.088335729027209
0.003195305192028
-0.077281843925131
-0.066943734809738
0.035648613440865
-0.016858716469362
0.007475860337320
0.014739168063074
-0.022746783827173
0.103538471115385
0.045119788372347
0.025167762731522
-0.043165135036398
0.028013731746304
0.117193168184511
-0.047676482982431
0.028266932076976
-0.047248690708144
-0.006973646523558
-0.027256566936596
0.024394316037574
0.008294041628385
0.007501914469841
0.045810679239736
-0.097628779653014
0.017072481540448
-0.021437864219781
-0.049260981021570
0.038053093396333
-0.009519083500710
-0.020755868571385
-0.009009813381544
-0.014601822065898
0.008572913153810
0.028226703229018
0.004136247158597
-0.059324729603433
-0.006099946191403
-0.001156650675759
-0.030198612230958
0.012586467355268
-0.015540335729684
-0.093421550347689
-0.015206926599274
-0.076137941164513
0.030253079360789
-0.100406793209991
0.000438865198062
0.022315480074755
-0.048005521155166
-0.185890757715008
-0.014818932719593
-0.042123151281583
-0.000367920435023
0.047210625481362
0.007413297333943
0.037854545369674
0.026179404066417
-0.008604586337363
