# chanceToIncludeBestOverlapModeInterface
0.000000000000000
0.000000000000000
0.000000000000000
0.000000000000000
0.000000000000000
0.000000000000000
0.079646017699115
0.132743362831858
0.168141592920354
0.212389380530973
0.230088495575221
0.247787610619469
0.256637168141593
0.283185840707965
0.292035398230089
0.318584070796460
0.327433628318584
0.336283185840708
0.345132743362832
0.362831858407080
0.380530973451327
0.407079646017699
0.424778761061947
0.424778761061947
0.442477876106195
0.460176991150443
0.486725663716814
0.504424778761062
0.513274336283186
0.513274336283186
0.539823008849558
0.557522123893805
0.557522123893805
0.566371681415929
0.575221238938053
0.575221238938053
0.584070796460177
0.592920353982301
0.592920353982301
0.592920353982301
0.592920353982301
0.601769911504425
0.601769911504425
0.601769911504425
0.601769911504425
0.601769911504425
0.619469026548673
0.619469026548673
0.619469026548673
0.628318584070797
0.654867256637168
0.654867256637168
0.654867256637168
0.663716814159292
0.663716814159292
0.663716814159292
0.663716814159292
0.663716814159292
0.672566371681416
0.672566371681416
0.681415929203540
0.690265486725664
0.690265486725664
0.690265486725664
0.690265486725664
0.690265486725664
0.690265486725664
0.690265486725664
0.699115044247788
0.707964601769912
0.716814159292036
0.716814159292036
0.725663716814160
0.725663716814160
0.725663716814160
0.743362831858407
0.743362831858407
0.743362831858407
0.752212389380531
0.769911504424779
0.778761061946903
0.778761061946903
0.778761061946903
0.778761061946903
0.778761061946903
0.778761061946903
0.778761061946903
0.778761061946903
0.778761061946903
0.778761061946903
0.787610619469027
0.796460176991151
0.796460176991151
0.796460176991151
0.823008849557523
0.823008849557523
0.823008849557523
0.823008849557523
0.823008849557523
0.823008849557523
0.823008849557523
0.823008849557523
0.823008849557523
0.823008849557523
0.823008849557523
0.831858407079647
0.831858407079647
0.831858407079647
0.831858407079647
0.831858407079647
0.831858407079647
0.831858407079647
0.831858407079647
0.831858407079647
0.831858407079647
0.840707964601770
0.840707964601770
0.849557522123894
0.849557522123894
0.849557522123894
0.849557522123894
0.849557522123894
0.858407079646018
0.858407079646018
0.858407079646018
0.867256637168142
0.867256637168142
0.867256637168142
0.867256637168142
0.867256637168142
0.867256637168142
0.867256637168142
0.867256637168142
0.867256637168142
0.867256637168142
0.867256637168142
0.867256637168142
0.867256637168142
0.867256637168142
0.867256637168142
0.867256637168142
0.867256637168142
0.867256637168142
0.867256637168142
0.867256637168142
0.867256637168142
0.884955752212390
0.884955752212390
0.893805309734514
0.893805309734514
0.893805309734514
0.893805309734514
0.893805309734514
0.893805309734514
0.893805309734514
0.893805309734514
0.893805309734514
0.893805309734514
0.893805309734514
0.893805309734514
0.893805309734514
0.893805309734514
0.893805309734514
0.893805309734514
0.893805309734514
0.893805309734514
0.893805309734514
0.893805309734514
0.893805309734514
0.902654867256638
0.902654867256638
0.911504424778762
0.911504424778762
0.920353982300886
0.920353982300886
0.920353982300886
0.920353982300886
0.920353982300886
0.929203539823010
0.929203539823010
0.929203539823010
0.938053097345133
0.938053097345133
0.946902654867257
0.946902654867257
0.946902654867257
0.946902654867257
0.946902654867257
0.964601769911505
0.964601769911505
0.964601769911505
0.964601769911505
0.964601769911505
0.964601769911505
0.964601769911505
0.964601769911505
0.964601769911505
0.964601769911505
0.964601769911505
0.964601769911505
0.964601769911505
0.964601769911505
0.964601769911505
0.964601769911505
0.964601769911505
0.964601769911505
0.964601769911505
0.964601769911505
0.964601769911505
0.964601769911505
0.964601769911505
0.964601769911505
0.964601769911505
0.964601769911505
0.964601769911505
0.964601769911505
0.964601769911505
0.964601769911505
0.964601769911505
0.964601769911505
0.964601769911505
0.964601769911505
0.964601769911505
0.964601769911505
0.964601769911505
0.964601769911505
0.964601769911505
0.964601769911505
0.964601769911505
0.964601769911505
0.964601769911505
0.964601769911505
0.964601769911505
0.964601769911505
0.964601769911505
0.964601769911505
0.964601769911505
0.964601769911505
0.964601769911505
0.964601769911505
0.964601769911505
0.964601769911505
0.973451327433629
0.973451327433629
0.973451327433629
0.973451327433629
0.973451327433629
0.973451327433629
0.973451327433629
0.973451327433629
0.973451327433629
0.973451327433629
0.973451327433629
0.973451327433629
0.973451327433629
0.973451327433629
0.973451327433629
0.973451327433629
0.973451327433629
0.973451327433629
0.973451327433629
0.973451327433629
0.973451327433629
0.973451327433629
0.973451327433629
0.973451327433629
0.973451327433629
0.973451327433629
0.973451327433629
0.973451327433629
0.973451327433629
0.973451327433629
0.973451327433629
0.973451327433629
0.973451327433629
0.973451327433629
0.973451327433629
0.973451327433629
0.973451327433629
0.973451327433629
0.973451327433629
0.973451327433629
0.973451327433629
0.973451327433629
0.973451327433629
0.973451327433629
0.973451327433629
0.973451327433629
0.973451327433629
0.973451327433629
0.973451327433629
0.973451327433629
0.973451327433629
0.973451327433629
0.973451327433629
0.973451327433629
0.973451327433629
0.973451327433629
0.973451327433629
0.973451327433629
0.973451327433629
0.973451327433629
0.973451327433629
0.973451327433629
0.973451327433629
0.973451327433629
0.973451327433629
0.973451327433629
0.973451327433629
0.973451327433629
0.973451327433629
0.973451327433629
0.973451327433629
0.973451327433629
0.973451327433629
0.973451327433629
0.973451327433629
0.973451327433629
0.973451327433629
0.973451327433629
0.973451327433629
0.973451327433629
0.973451327433629
0.973451327433629
0.973451327433629
0.973451327433629
0.973451327433629
0.973451327433629
0.973451327433629
0.973451327433629
0.973451327433629
0.973451327433629
0.973451327433629
0.982300884955753
0.982300884955753
0.982300884955753
0.982300884955753
0.982300884955753
0.982300884955753
0.982300884955753
0.982300884955753
0.982300884955753
0.982300884955753
0.982300884955753
0.982300884955753
0.982300884955753
0.982300884955753
0.991150442477877
0.991150442477877
0.991150442477877
0.991150442477877
0.991150442477877
0.991150442477877
0.991150442477877
0.991150442477877
0.991150442477877
0.991150442477877
0.991150442477877
0.991150442477877
0.991150442477877
0.991150442477877
0.991150442477877
0.991150442477877
0.991150442477877
0.991150442477877
0.991150442477877
0.991150442477877
0.991150442477877
0.991150442477877
0.991150442477877
0.991150442477877
0.991150442477877
0.991150442477877
1.000000000000001
1.000000000000001
1.000000000000001
1.000000000000001
1.000000000000001
1.000000000000001
1.000000000000001
1.000000000000001
1.000000000000001
1.000000000000001
1.000000000000001
1.000000000000001
1.000000000000001
1.000000000000001
1.000000000000001
1.000000000000001
1.000000000000001
1.000000000000001
1.000000000000001
1.000000000000001
1.000000000000001
1.000000000000001
1.000000000000001
1.000000000000001
1.000000000000001
1.000000000000001
1.000000000000001
1.000000000000001
1.000000000000001
1.000000000000001
1.000000000000001
1.000000000000001
1.000000000000001
