# chanceToIncludeBestCorrelationModeInterface
0.026548672566372
0.044247787610619
0.070796460176991
0.097345132743363
0.106194690265487
0.141592920353982
0.176991150442478
0.212389380530973
0.238938053097345
0.283185840707965
0.292035398230089
0.309734513274336
0.327433628318584
0.345132743362832
0.353982300884956
0.353982300884956
0.353982300884956
0.380530973451328
0.380530973451328
0.380530973451328
0.380530973451328
0.407079646017699
0.407079646017699
0.407079646017699
0.415929203539823
0.424778761061947
0.433628318584071
0.442477876106195
0.451327433628319
0.451327433628319
0.469026548672567
0.477876106194690
0.495575221238938
0.495575221238938
0.504424778761062
0.504424778761062
0.530973451327434
0.539823008849558
0.539823008849558
0.548672566371682
0.557522123893806
0.557522123893806
0.557522123893806
0.557522123893806
0.557522123893806
0.557522123893806
0.557522123893806
0.566371681415930
0.566371681415930
0.575221238938053
0.584070796460177
0.584070796460177
0.584070796460177
0.601769911504425
0.610619469026549
0.628318584070797
0.628318584070797
0.637168141592921
0.637168141592921
0.637168141592921
0.646017699115045
0.646017699115045
0.654867256637169
0.654867256637169
0.654867256637169
0.654867256637169
0.654867256637169
0.654867256637169
0.663716814159293
0.663716814159293
0.672566371681416
0.672566371681416
0.672566371681416
0.672566371681416
0.690265486725664
0.690265486725664
0.690265486725664
0.690265486725664
0.707964601769912
0.716814159292036
0.716814159292036
0.716814159292036
0.725663716814160
0.725663716814160
0.725663716814160
0.725663716814160
0.725663716814160
0.725663716814160
0.725663716814160
0.725663716814160
0.725663716814160
0.725663716814160
0.734513274336284
0.752212389380532
0.752212389380532
0.752212389380532
0.752212389380532
0.752212389380532
0.752212389380532
0.761061946902655
0.761061946902655
0.761061946902655
0.761061946902655
0.761061946902655
0.761061946902655
0.761061946902655
0.761061946902655
0.761061946902655
0.761061946902655
0.761061946902655
0.761061946902655
0.761061946902655
0.769911504424779
0.769911504424779
0.769911504424779
0.769911504424779
0.778761061946903
0.778761061946903
0.778761061946903
0.778761061946903
0.778761061946903
0.778761061946903
0.778761061946903
0.778761061946903
0.778761061946903
0.778761061946903
0.778761061946903
0.778761061946903
0.778761061946903
0.778761061946903
0.778761061946903
0.778761061946903
0.778761061946903
0.787610619469027
0.787610619469027
0.796460176991151
0.796460176991151
0.796460176991151
0.796460176991151
0.805309734513275
0.805309734513275
0.805309734513275
0.805309734513275
0.805309734513275
0.814159292035399
0.814159292035399
0.823008849557523
0.831858407079647
0.840707964601771
0.840707964601771
0.840707964601771
0.840707964601771
0.849557522123895
0.849557522123895
0.849557522123895
0.849557522123895
0.849557522123895
0.849557522123895
0.849557522123895
0.849557522123895
0.849557522123895
0.858407079646018
0.858407079646018
0.858407079646018
0.858407079646018
0.858407079646018
0.858407079646018
0.858407079646018
0.867256637168142
0.867256637168142
0.867256637168142
0.867256637168142
0.867256637168142
0.867256637168142
0.876106194690266
0.876106194690266
0.876106194690266
0.876106194690266
0.884955752212390
0.884955752212390
0.884955752212390
0.884955752212390
0.884955752212390
0.884955752212390
0.884955752212390
0.884955752212390
0.884955752212390
0.884955752212390
0.884955752212390
0.884955752212390
0.884955752212390
0.884955752212390
0.884955752212390
0.884955752212390
0.884955752212390
0.884955752212390
0.884955752212390
0.893805309734514
0.893805309734514
0.893805309734514
0.902654867256638
0.902654867256638
0.911504424778762
0.911504424778762
0.911504424778762
0.911504424778762
0.920353982300886
0.920353982300886
0.920353982300886
0.929203539823010
0.929203539823010
0.929203539823010
0.929203539823010
0.929203539823010
0.929203539823010
0.929203539823010
0.929203539823010
0.929203539823010
0.929203539823010
0.929203539823010
0.929203539823010
0.929203539823010
0.929203539823010
0.929203539823010
0.929203539823010
0.929203539823010
0.929203539823010
0.929203539823010
0.929203539823010
0.938053097345134
0.938053097345134
0.938053097345134
0.938053097345134
0.938053097345134
0.938053097345134
0.938053097345134
0.938053097345134
0.938053097345134
0.938053097345134
0.938053097345134
0.938053097345134
0.938053097345134
0.938053097345134
0.938053097345134
0.938053097345134
0.938053097345134
0.938053097345134
0.938053097345134
0.938053097345134
0.938053097345134
0.938053097345134
0.938053097345134
0.938053097345134
0.938053097345134
0.938053097345134
0.938053097345134
0.938053097345134
0.938053097345134
0.946902654867258
0.946902654867258
0.946902654867258
0.946902654867258
0.946902654867258
0.946902654867258
0.946902654867258
0.955752212389381
0.955752212389381
0.955752212389381
0.955752212389381
0.955752212389381
0.955752212389381
0.955752212389381
0.955752212389381
0.955752212389381
0.955752212389381
0.955752212389381
0.955752212389381
0.955752212389381
0.955752212389381
0.955752212389381
0.955752212389381
0.955752212389381
0.955752212389381
0.955752212389381
0.955752212389381
0.955752212389381
0.955752212389381
0.955752212389381
0.955752212389381
0.955752212389381
0.955752212389381
0.955752212389381
0.955752212389381
0.955752212389381
0.955752212389381
0.955752212389381
0.955752212389381
0.955752212389381
0.955752212389381
0.955752212389381
0.955752212389381
0.955752212389381
0.955752212389381
0.955752212389381
0.955752212389381
0.955752212389381
0.955752212389381
0.955752212389381
0.955752212389381
0.955752212389381
0.955752212389381
0.955752212389381
0.955752212389381
0.955752212389381
0.955752212389381
0.955752212389381
0.955752212389381
0.955752212389381
0.955752212389381
0.955752212389381
0.955752212389381
0.955752212389381
0.955752212389381
0.955752212389381
0.955752212389381
0.955752212389381
0.955752212389381
0.955752212389381
0.955752212389381
0.955752212389381
0.955752212389381
0.955752212389381
0.955752212389381
0.955752212389381
0.955752212389381
0.955752212389381
0.955752212389381
0.955752212389381
0.955752212389381
0.955752212389381
0.955752212389381
0.955752212389381
0.955752212389381
0.955752212389381
0.964601769911505
0.964601769911505
0.964601769911505
0.964601769911505
0.964601769911505
0.964601769911505
0.964601769911505
0.964601769911505
0.964601769911505
0.964601769911505
0.964601769911505
0.964601769911505
0.964601769911505
0.973451327433629
0.973451327433629
0.973451327433629
0.973451327433629
0.973451327433629
0.973451327433629
0.973451327433629
0.973451327433629
0.973451327433629
0.973451327433629
0.973451327433629
0.973451327433629
0.973451327433629
0.973451327433629
0.973451327433629
0.973451327433629
0.973451327433629
0.973451327433629
0.973451327433629
0.973451327433629
0.982300884955753
0.982300884955753
0.982300884955753
0.982300884955753
0.982300884955753
0.982300884955753
0.982300884955753
0.982300884955753
0.982300884955753
0.982300884955753
0.982300884955753
0.982300884955753
0.982300884955753
0.982300884955753
0.982300884955753
0.982300884955753
0.982300884955753
0.982300884955753
0.982300884955753
0.982300884955753
0.982300884955753
0.982300884955753
0.982300884955753
0.982300884955753
0.982300884955753
0.982300884955753
0.991150442477877
0.991150442477877
1.000000000000001
