# chanceToIncludeBestCorrelationModeWhole
0.035398230088496
0.044247787610619
0.070796460176991
0.115044247787611
0.132743362831858
0.168141592920354
0.221238938053097
0.336283185840708
0.371681415929204
0.424778761061947
0.442477876106195
0.477876106194690
0.486725663716814
0.513274336283186
0.539823008849558
0.575221238938053
0.592920353982301
0.619469026548673
0.637168141592920
0.646017699115044
0.646017699115044
0.663716814159292
0.663716814159292
0.663716814159292
0.663716814159292
0.663716814159292
0.690265486725664
0.690265486725664
0.690265486725664
0.699115044247788
0.716814159292036
0.716814159292036
0.761061946902655
0.769911504424779
0.769911504424779
0.769911504424779
0.778761061946903
0.778761061946903
0.778761061946903
0.787610619469027
0.814159292035398
0.814159292035398
0.823008849557522
0.823008849557522
0.831858407079646
0.840707964601770
0.840707964601770
0.840707964601770
0.840707964601770
0.840707964601770
0.840707964601770
0.840707964601770
0.840707964601770
0.849557522123894
0.849557522123894
0.849557522123894
0.849557522123894
0.849557522123894
0.849557522123894
0.867256637168142
0.867256637168142
0.867256637168142
0.867256637168142
0.867256637168142
0.867256637168142
0.876106194690266
0.876106194690266
0.876106194690266
0.884955752212390
0.884955752212390
0.884955752212390
0.884955752212390
0.893805309734514
0.893805309734514
0.893805309734514
0.902654867256638
0.911504424778761
0.911504424778761
0.920353982300885
0.920353982300885
0.920353982300885
0.929203539823009
0.929203539823009
0.929203539823009
0.929203539823009
0.929203539823009
0.938053097345133
0.938053097345133
0.938053097345133
0.938053097345133
0.946902654867257
0.946902654867257
0.946902654867257
0.946902654867257
0.946902654867257
0.946902654867257
0.946902654867257
0.946902654867257
0.946902654867257
0.946902654867257
0.946902654867257
0.946902654867257
0.946902654867257
0.946902654867257
0.946902654867257
0.955752212389381
0.955752212389381
0.955752212389381
0.955752212389381
0.955752212389381
0.955752212389381
0.955752212389381
0.955752212389381
0.955752212389381
0.955752212389381
0.955752212389381
0.955752212389381
0.955752212389381
0.964601769911505
0.964601769911505
0.964601769911505
0.964601769911505
0.964601769911505
0.964601769911505
0.964601769911505
0.964601769911505
0.964601769911505
0.973451327433629
0.973451327433629
0.973451327433629
0.973451327433629
0.973451327433629
0.973451327433629
0.973451327433629
0.973451327433629
0.973451327433629
0.973451327433629
0.973451327433629
0.973451327433629
0.973451327433629
0.973451327433629
0.973451327433629
0.973451327433629
0.973451327433629
0.973451327433629
0.982300884955753
0.982300884955753
0.982300884955753
0.982300884955753
0.982300884955753
0.982300884955753
0.982300884955753
0.991150442477877
0.991150442477877
0.991150442477877
0.991150442477877
0.991150442477877
0.991150442477877
0.991150442477877
0.991150442477877
0.991150442477877
0.991150442477877
0.991150442477877
0.991150442477877
0.991150442477877
0.991150442477877
0.991150442477877
0.991150442477877
0.991150442477877
0.991150442477877
0.991150442477877
0.991150442477877
0.991150442477877
0.991150442477877
1.000000000000000
1.000000000000000
1.000000000000000
1.000000000000000
1.000000000000000
1.000000000000000
1.000000000000000
1.000000000000000
1.000000000000000
1.000000000000000
1.000000000000000
1.000000000000000
1.000000000000000
1.000000000000000
1.000000000000000
1.000000000000000
1.000000000000000
1.000000000000000
1.000000000000000
1.000000000000000
1.000000000000000
1.000000000000000
1.000000000000000
1.000000000000000
1.000000000000000
1.000000000000000
1.000000000000000
1.000000000000000
1.000000000000000
1.000000000000000
1.000000000000000
1.000000000000000
1.000000000000000
1.000000000000000
1.000000000000000
1.000000000000000
1.000000000000000
1.000000000000000
1.000000000000000
1.000000000000000
1.000000000000000
1.000000000000000
1.000000000000000
1.000000000000000
1.000000000000000
1.000000000000000
1.000000000000000
1.000000000000000
1.000000000000000
1.000000000000000
1.000000000000000
1.000000000000000
1.000000000000000
1.000000000000000
1.000000000000000
1.000000000000000
1.000000000000000
1.000000000000000
1.000000000000000
1.000000000000000
1.000000000000000
1.000000000000000
1.000000000000000
1.000000000000000
1.000000000000000
1.000000000000000
1.000000000000000
1.000000000000000
1.000000000000000
1.000000000000000
1.000000000000000
1.000000000000000
1.000000000000000
1.000000000000000
1.000000000000000
1.000000000000000
1.000000000000000
1.000000000000000
1.000000000000000
1.000000000000000
1.000000000000000
1.000000000000000
1.000000000000000
1.000000000000000
1.000000000000000
1.000000000000000
1.000000000000000
1.000000000000000
1.000000000000000
1.000000000000000
1.000000000000000
1.000000000000000
1.000000000000000
1.000000000000000
1.000000000000000
1.000000000000000
1.000000000000000
1.000000000000000
1.000000000000000
1.000000000000000
1.000000000000000
1.000000000000000
1.000000000000000
1.000000000000000
1.000000000000000
1.000000000000000
1.000000000000000
1.000000000000000
1.000000000000000
1.000000000000000
1.000000000000000
1.000000000000000
1.000000000000000
1.000000000000000
1.000000000000000
1.000000000000000
1.000000000000000
1.000000000000000
1.000000000000000
1.000000000000000
1.000000000000000
1.000000000000000
1.000000000000000
1.000000000000000
1.000000000000000
1.000000000000000
1.000000000000000
1.000000000000000
1.000000000000000
1.000000000000000
1.000000000000000
1.000000000000000
1.000000000000000
1.000000000000000
1.000000000000000
1.000000000000000
1.000000000000000
1.000000000000000
1.000000000000000
1.000000000000000
1.000000000000000
1.000000000000000
1.000000000000000
1.000000000000000
1.000000000000000
1.000000000000000
1.000000000000000
1.000000000000000
1.000000000000000
1.000000000000000
1.000000000000000
1.000000000000000
1.000000000000000
1.000000000000000
1.000000000000000
1.000000000000000
1.000000000000000
1.000000000000000
1.000000000000000
1.000000000000000
1.000000000000000
1.000000000000000
1.000000000000000
1.000000000000000
1.000000000000000
1.000000000000000
1.000000000000000
1.000000000000000
1.000000000000000
1.000000000000000
1.000000000000000
1.000000000000000
1.000000000000000
1.000000000000000
1.000000000000000
1.000000000000000
1.000000000000000
1.000000000000000
1.000000000000000
1.000000000000000
1.000000000000000
1.000000000000000
1.000000000000000
1.000000000000000
1.000000000000000
1.000000000000000
1.000000000000000
1.000000000000000
1.000000000000000
1.000000000000000
1.000000000000000
1.000000000000000
1.000000000000000
1.000000000000000
1.000000000000000
1.000000000000000
1.000000000000000
1.000000000000000
1.000000000000000
1.000000000000000
1.000000000000000
1.000000000000000
1.000000000000000
1.000000000000000
1.000000000000000
1.000000000000000
1.000000000000000
1.000000000000000
1.000000000000000
1.000000000000000
1.000000000000000
1.000000000000000
1.000000000000000
1.000000000000000
1.000000000000000
1.000000000000000
1.000000000000000
1.000000000000000
1.000000000000000
1.000000000000000
1.000000000000000
1.000000000000000
1.000000000000000
1.000000000000000
1.000000000000000
1.000000000000000
1.000000000000000
1.000000000000000
1.000000000000000
1.000000000000000
1.000000000000000
1.000000000000000
