# chanceToIncludeBestOverlapModeWhole
0.000000000000000
0.000000000000000
0.000000000000000
0.000000000000000
0.000000000000000
0.000000000000000
0.221238938053097
0.451327433628319
0.477876106194690
0.522123893805310
0.566371681415929
0.619469026548673
0.646017699115044
0.690265486725664
0.716814159292035
0.734513274336283
0.752212389380531
0.778761061946903
0.787610619469027
0.805309734513274
0.805309734513274
0.823008849557522
0.823008849557522
0.831858407079646
0.840707964601770
0.849557522123894
0.849557522123894
0.867256637168142
0.884955752212390
0.893805309734514
0.902654867256637
0.911504424778761
0.920353982300885
0.920353982300885
0.920353982300885
0.920353982300885
0.929203539823009
0.929203539823009
0.938053097345133
0.938053097345133
0.938053097345133
0.938053097345133
0.938053097345133
0.938053097345133
0.938053097345133
0.938053097345133
0.946902654867257
0.946902654867257
0.946902654867257
0.946902654867257
0.955752212389381
0.955752212389381
0.955752212389381
0.955752212389381
0.955752212389381
0.955752212389381
0.955752212389381
0.955752212389381
0.964601769911505
0.964601769911505
0.964601769911505
0.964601769911505
0.964601769911505
0.964601769911505
0.964601769911505
0.964601769911505
0.964601769911505
0.964601769911505
0.964601769911505
0.973451327433629
0.973451327433629
0.973451327433629
0.973451327433629
0.973451327433629
0.973451327433629
0.973451327433629
0.973451327433629
0.973451327433629
0.973451327433629
0.973451327433629
0.973451327433629
0.973451327433629
0.973451327433629
0.973451327433629
0.973451327433629
0.973451327433629
0.973451327433629
0.973451327433629
0.973451327433629
0.973451327433629
0.973451327433629
0.982300884955753
0.982300884955753
0.982300884955753
0.982300884955753
0.982300884955753
0.982300884955753
0.982300884955753
0.982300884955753
0.982300884955753
0.982300884955753
0.982300884955753
0.982300884955753
0.982300884955753
0.982300884955753
0.982300884955753
0.982300884955753
0.982300884955753
0.982300884955753
0.982300884955753
0.982300884955753
0.982300884955753
0.982300884955753
0.982300884955753
0.982300884955753
0.982300884955753
0.982300884955753
0.982300884955753
0.982300884955753
0.982300884955753
0.982300884955753
0.982300884955753
0.982300884955753
0.982300884955753
0.982300884955753
0.982300884955753
0.982300884955753
0.982300884955753
0.982300884955753
0.982300884955753
0.982300884955753
0.982300884955753
0.982300884955753
0.982300884955753
0.982300884955753
0.982300884955753
0.982300884955753
0.982300884955753
0.982300884955753
0.982300884955753
0.982300884955753
0.982300884955753
0.982300884955753
0.982300884955753
0.982300884955753
0.982300884955753
0.982300884955753
0.982300884955753
0.982300884955753
0.982300884955753
0.982300884955753
0.982300884955753
0.982300884955753
0.982300884955753
0.982300884955753
0.982300884955753
0.982300884955753
0.982300884955753
0.982300884955753
0.982300884955753
0.982300884955753
0.982300884955753
0.982300884955753
0.982300884955753
0.982300884955753
0.982300884955753
0.991150442477877
0.991150442477877
0.991150442477877
0.991150442477877
0.991150442477877
0.991150442477877
0.991150442477877
0.991150442477877
0.991150442477877
0.991150442477877
0.991150442477877
0.991150442477877
0.991150442477877
0.991150442477877
0.991150442477877
0.991150442477877
0.991150442477877
0.991150442477877
0.991150442477877
0.991150442477877
0.991150442477877
0.991150442477877
0.991150442477877
0.991150442477877
0.991150442477877
0.991150442477877
0.991150442477877
0.991150442477877
0.991150442477877
0.991150442477877
0.991150442477877
0.991150442477877
0.991150442477877
0.991150442477877
0.991150442477877
0.991150442477877
0.991150442477877
0.991150442477877
0.991150442477877
0.991150442477877
1.000000000000000
1.000000000000000
1.000000000000000
1.000000000000000
1.000000000000000
1.000000000000000
1.000000000000000
1.000000000000000
1.000000000000000
1.000000000000000
1.000000000000000
1.000000000000000
1.000000000000000
1.000000000000000
1.000000000000000
1.000000000000000
1.000000000000000
1.000000000000000
1.000000000000000
1.000000000000000
1.000000000000000
1.000000000000000
1.000000000000000
1.000000000000000
1.000000000000000
1.000000000000000
1.000000000000000
1.000000000000000
1.000000000000000
1.000000000000000
1.000000000000000
1.000000000000000
1.000000000000000
1.000000000000000
1.000000000000000
1.000000000000000
1.000000000000000
1.000000000000000
1.000000000000000
1.000000000000000
1.000000000000000
1.000000000000000
1.000000000000000
1.000000000000000
1.000000000000000
1.000000000000000
1.000000000000000
1.000000000000000
1.000000000000000
1.000000000000000
1.000000000000000
1.000000000000000
1.000000000000000
1.000000000000000
1.000000000000000
1.000000000000000
1.000000000000000
1.000000000000000
1.000000000000000
1.000000000000000
1.000000000000000
1.000000000000000
1.000000000000000
1.000000000000000
1.000000000000000
1.000000000000000
1.000000000000000
1.000000000000000
1.000000000000000
1.000000000000000
1.000000000000000
1.000000000000000
1.000000000000000
1.000000000000000
1.000000000000000
1.000000000000000
1.000000000000000
1.000000000000000
1.000000000000000
1.000000000000000
1.000000000000000
1.000000000000000
1.000000000000000
1.000000000000000
1.000000000000000
1.000000000000000
1.000000000000000
1.000000000000000
1.000000000000000
1.000000000000000
1.000000000000000
1.000000000000000
1.000000000000000
1.000000000000000
1.000000000000000
1.000000000000000
1.000000000000000
1.000000000000000
1.000000000000000
1.000000000000000
1.000000000000000
1.000000000000000
1.000000000000000
1.000000000000000
1.000000000000000
1.000000000000000
1.000000000000000
1.000000000000000
1.000000000000000
1.000000000000000
1.000000000000000
1.000000000000000
1.000000000000000
1.000000000000000
1.000000000000000
1.000000000000000
1.000000000000000
1.000000000000000
1.000000000000000
1.000000000000000
1.000000000000000
1.000000000000000
1.000000000000000
1.000000000000000
1.000000000000000
1.000000000000000
1.000000000000000
1.000000000000000
1.000000000000000
1.000000000000000
1.000000000000000
1.000000000000000
1.000000000000000
1.000000000000000
1.000000000000000
1.000000000000000
1.000000000000000
1.000000000000000
1.000000000000000
1.000000000000000
1.000000000000000
1.000000000000000
1.000000000000000
1.000000000000000
1.000000000000000
1.000000000000000
1.000000000000000
1.000000000000000
1.000000000000000
1.000000000000000
1.000000000000000
1.000000000000000
1.000000000000000
1.000000000000000
1.000000000000000
1.000000000000000
1.000000000000000
1.000000000000000
1.000000000000000
1.000000000000000
1.000000000000000
1.000000000000000
1.000000000000000
1.000000000000000
1.000000000000000
1.000000000000000
1.000000000000000
1.000000000000000
1.000000000000000
1.000000000000000
1.000000000000000
1.000000000000000
1.000000000000000
1.000000000000000
1.000000000000000
1.000000000000000
1.000000000000000
1.000000000000000
1.000000000000000
1.000000000000000
1.000000000000000
1.000000000000000
1.000000000000000
1.000000000000000
1.000000000000000
1.000000000000000
1.000000000000000
1.000000000000000
1.000000000000000
1.000000000000000
1.000000000000000
1.000000000000000
1.000000000000000
1.000000000000000
1.000000000000000
1.000000000000000
1.000000000000000
1.000000000000000
1.000000000000000
1.000000000000000
