# highestOverlapValue
0.458303592045773
0.152849421393775
0.511894124481056
0.564174377728980
0.319512640829338
0.117398890629866
0.671364985346146
0.425906379020820
0.372870618528947
0.596490268445438
0.225371342898373
0.244168195090467
0.283578398998545
0.719529443043039
0.678482456386387
0.641531837935524
0.380360548879554
0.791506733042752
0.390519579007746
0.705411609659662
0.407930600566474
0.244599503308151
0.230446232271250
0.286583166175992
0.318569971797874
0.373400317954825
0.467274993307214
0.252510784260546
0.311572419730573
0.414878142836856
0.449315074403967
0.667698956072373
0.290222046143845
0.239361800637280
0.365914346906373
0.449905792272875
0.220081912944247
0.243116621809212
0.434042378885969
0.773483302931194
0.333923661632948
0.464654910022848
0.327627249645957
0.339008379419089
0.647873794870637
0.420679782124746
0.295573190922473
0.294794882444588
0.353664612649098
0.666193403764420
0.474932634384736
0.599545042635732
0.303428915029208
0.385708855409529
0.451663924175761
0.801716091780182
0.514831017746803
0.248789655430783
0.244913031632645
0.389866635645403
0.266882656062569
0.829412750013190
0.248391542015295
0.520263860711776
0.307541634297689
0.308988536898358
0.288811923942067
0.311375267165522
0.529654059823331
0.156136931263551
0.239223087402979
0.735313720002349
0.226287608275636
0.629254106563180
0.312831210607473
0.302651237854010
0.581889395271132
0.388898359007958
0.598001412489407
0.313742995727871
0.329611084622622
0.455710864037964
0.312492372094186
0.200340512168962
0.245216225909934
0.520773949623890
0.192394399488243
0.380224052108386
0.329300404683074
0.440199976642966
0.515731558546553
0.484474853248186
0.259475136638740
0.228230014428449
0.638374492723107
0.582264278139508
0.383295281959996
0.221154385667454
0.656772009520929
0.604050550242373
0.249919047749176
0.572498825046631
0.477873058141026
0.310240483466864
0.236593016915288
0.346468788673692
0.264732202155909
0.356733734657907
0.907288370048521
0.314585728226768
0.246023370625368
0.255230391735698
0.282799548923246
