# highestCollectivityValue
0.946810125248013
0.980116045954041
0.924300915735396
0.941897669327961
0.897972475532940
0.977767034913437
0.832033565692001
0.976256079880702
0.819880478723665
0.934131840070400
0.962942144142835
0.907788936127810
0.905129547566481
0.977658353099081
0.983987653197229
0.952513769196363
0.871168811116637
0.968990232890663
0.922244694302601
0.960614202829211
0.879328052157472
0.893438824657325
0.922888642298300
0.957457202797524
0.975509632390657
0.990384748920906
0.934963232174656
0.907657283832118
0.932251342910582
0.863491512065770
0.903340213314512
0.867769497578251
0.935076827926614
0.948254598258407
0.882615491012333
0.965562817359046
0.917278855211809
0.917743748253202
0.939754427648105
0.977440914610572
0.964113074808986
0.980039877545679
0.927187897818373
0.967227576323157
0.986713998530708
0.822936178025216
0.954925660362502
0.858844303040459
0.917510007315890
0.972413629038825
0.939882633912088
0.972900989503726
0.953661872672300
0.995530917958405
0.956029737076118
0.948979947118203
0.836597348494055
0.828777540246542
0.920034801176725
0.798068842638076
0.909250965894289
0.967504084423657
0.960818439176195
0.979858299826642
0.928339664339352
0.864539957099467
0.959040040216342
0.887475124140367
0.852178043361860
0.930242801897006
0.944255039325452
0.945869967881686
0.865894352037038
0.868450660199000
0.945609983924568
0.861897634753074
0.840983536625129
0.995618936492031
0.856606075064453
0.969560433923689
0.866134403874677
0.994583958010336
0.980665832698039
0.890326454240460
0.859742564356858
0.848748078456162
0.881868209855625
0.946419501851268
0.967502011180788
0.930635350664129
0.928074013902663
0.865731663794912
0.986235224339470
0.966596774673219
0.794238436243363
0.897383655989277
0.951126331005413
0.909730450522532
0.939743340309891
0.953306836724440
0.928383296321142
0.987203376392702
0.899936209058785
0.880091697228539
0.916817625546073
0.990972768864052
0.933286816054836
0.873736528568889
0.996925245726822
0.924200172679064
0.953332135442099
0.958871280104765
0.855687844581622
