# highestCorrelationValue
0.679805318975258
0.390970285996406
0.838663559881364
0.900640055170723
0.608761288632082
0.405463130384233
0.518648633554159
0.568636280913752
0.588430845404181
0.670837377791613
0.472943996521777
0.399781914656946
0.681713614939270
0.773464890526008
0.929800160608054
0.558371121941765
0.595808787565244
0.695055442115809
0.813517498097537
0.865552114138703
0.597410147809717
0.408669997124917
0.431583729959501
0.465431520870440
0.532255198878859
0.832824167717684
0.529066600270035
0.597197350283442
0.465577096068410
0.641409606689538
0.631797147722494
0.600818661180999
0.671306691444679
0.517248550725106
0.480472516619880
0.400336889610684
0.496320621046821
0.507706981377712
0.596425292163813
0.824440427677455
0.650297942110265
0.592156852462557
0.526953847500741
0.842103896197698
0.467902119057941
0.661029552038309
0.576055938844390
0.670562846496005
0.765091999333934
0.577637412513987
0.473630722356366
0.637792621868429
0.605550891367936
0.665231866743247
0.858591612493412
0.765264269214968
0.757633932931164
0.352218667075128
0.567268219503851
0.615471255729358
0.673533331182569
0.896313733685770
0.482890317849757
0.579027364654733
0.590737077301011
0.392804821852633
0.692744109599373
0.519374719824059
0.559332202173625
0.551373039448941
0.461040000785471
0.604497171670272
0.611978269244592
0.828455262730239
0.925756877901333
0.704860679313273
0.526882306444157
0.530493692363004
0.756224589862484
0.610911861985249
0.457942519627753
0.750527543711301
0.611144975877550
0.334192937870439
0.571824609919308
0.699727597820088
0.501196735069944
0.672624009513305
0.610634454548137
0.746598783194930
0.567766212536203
0.497013749315205
0.447317532102331
0.623469450201081
0.786408342374827
0.600695579190583
0.631834428563600
0.543247460388982
0.605216287358680
0.442074290191218
0.603658251815431
0.560990360930494
0.556852331912596
0.618580314024985
0.448923626989150
0.630367168402687
0.498051725332076
0.499812512062781
0.866839695365477
0.663119797551946
0.533150993088462
0.567772867772646
0.530779048581318
