# LRMSStdInterface
0.066373043725581
0.097565038191959
0.104949760771039
0.115561925162056
0.124684664937884
0.126218821667541
0.132272886918698
0.133185942098495
0.134268428513537
0.135880224509826
0.138724701878100
0.141640523115796
0.144636518073405
0.146621630902759
0.147478939435670
0.149073398653317
0.151397877682316
0.154987910930929
0.154718409679828
0.157432861394751
0.163468552627246
0.160420061746345
0.155597440674561
0.152137016231377
0.145319150533525
0.140743028697016
0.135653679665965
0.132227141226452
0.130174303541269
0.128478117931086
0.127335369719245
0.125849075979580
0.124749269613637
0.123262905480241
0.123141393406916
0.122220061591983
0.121338477515104
0.120068418697704
0.118581628568525
0.117375388014926
0.116987209481674
0.116180832393785
0.115381972557026
0.114769523287162
0.114314050642085
0.113918244876046
0.113534243651545
0.113004098647069
0.112845629117005
0.112764803467133
0.112727669328857
0.112726906534866
0.112726856247164
0.112726842954697
0.112726816403025
0.112726814127245
0.112726811005593
0.112726810712440
