# LRMSStdWhole
0.086757436693293
0.133782185703675
0.152635769573950
0.158345513084338
0.162633577081153
0.164529047890397
0.166687851547609
0.166640684756920
0.164933311755858
0.165893594410583
0.167752371603061
0.168767067318107
0.168713444984360
0.167328258269532
0.167016224950314
0.168596855794216
0.168748761182112
0.168084322180468
0.168169947621661
0.167766002659151
0.161957631641503
0.159909912741569
0.156930332661688
0.153431165374022
0.151709469372513
0.151689765811197
0.151895143190918
0.151281218974045
0.149921917246425
0.149115933926249
0.149031945276576
0.147798020521525
0.145185834814063
0.142707921385167
0.140240229900987
0.137934596975219
0.135892531985244
0.133900690191349
0.132054761381251
0.131026189237231
0.129132490152940
0.128090078220130
0.127246824878757
0.126072311756240
0.124559278346699
0.123230238129215
0.121887896763047
0.121187975952224
0.120635089869377
0.119942072809131
0.118955491220276
0.118672239446127
0.118177444752102
0.118261417002533
0.117747966250055
0.117347678435227
0.117001687046645
0.116579196648169
