# overlapMeansTApproxWhole
0.204548044348469
0.341640198568103
0.387458628846548
0.423528458428535
0.457803452553858
0.486102408635643
0.506571722566579
0.522074986170027
0.539696780107447
0.552818144481312
0.563116298809220
0.577777629524422
0.586600010280235
0.597787660420987
0.603658505056702
0.611970488426899
0.618829822904998
0.625677496316883
0.631604962003953
0.638131642243544
0.682912753267080
0.711496199991281
0.734324853636963
0.754829440641356
0.771614378292425
0.786281492161565
0.798971783595614
0.809573726402510
0.819098107467071
0.827411479433564
0.835397556006078
0.842199565845525
0.848851016299193
0.854904655956938
0.860515288852250
0.865336249025126
0.870476850870898
0.874719966454107
0.878623801914430
0.882740714811745
0.886329343395465
0.889819222618164
0.892412492738663
0.895193288250729
0.898231566557676
0.900998088728489
0.903610423972278
0.906035238492787
0.908251690554573
0.910454960926025
0.912601858492347
0.914894454213374
0.916749030744909
0.918389559383749
0.919947179259351
0.921596151617069
0.922980664525547
0.924291058080688
