# overlapStdTApproxWhole
0.200626493092517
0.248513357342355
0.250428496024753
0.240230751228076
0.231057386019421
0.220452527235258
0.213818990252299
0.207601425110351
0.197953398594262
0.194418558404212
0.191149896465685
0.188315491057191
0.185539343074838
0.181237491611722
0.179489056772178
0.178102439513108
0.176846747970812
0.173960424320903
0.171837859580216
0.169220684141573
0.153093612565198
0.142806354929937
0.132431087295258
0.123663520187071
0.118789603323158
0.115835422749085
0.112585530701799
0.108962492934502
0.104677931400898
0.101391632320677
0.098346765802240
0.095779082331463
0.092481163272788
0.089553348251254
0.086867750010995
0.084298652163799
0.082174244672772
0.080155138023928
0.078580010473437
0.076952687416638
0.075142013359793
0.074046362222745
0.073145329385657
0.072213908806069
0.070824814724766
0.069158917705478
0.067857377678704
0.067283003886561
0.066598724581712
0.065599763473419
0.064567742186433
0.063455409678319
0.062592201502556
0.061937335916260
0.061337600283322
0.060815259438112
0.060341989650651
0.059689526004195
