# overlapStdTApproxInterface
0.177037975511695
0.205581168273943
0.208599968410817
0.207929853153413
0.204018960594143
0.197245309193370
0.190334940815322
0.178600585724277
0.173285600834694
0.164651684971127
0.158299637698854
0.156912146518710
0.155451866343125
0.152149109042891
0.149294465622390
0.148465807773009
0.148461130639894
0.149339527920907
0.147117909479763
0.144927742911444
0.127263000487256
0.109197817461145
0.097461180861548
0.086387844776534
0.078450961589929
0.072931752369598
0.065839150057175
0.061417927600079
0.058702482974397
0.056760778554065
0.055333600214641
0.053993936934506
0.052794894661379
0.051390063143912
0.050921070741641
0.050112854032290
0.049478969376025
0.048268997675102
0.046981066884778
0.045911759983760
0.045624956933963
0.045141608114836
0.044590266191221
0.044243765279970
0.043998342458778
0.043814258835546
0.043653120655215
0.043478540797283
0.043443471165211
0.043432297590787
0.043435375315438
0.043436175449972
0.043436176174366
0.043436177836408
0.043436176048136
0.043436176004309
0.043436175562781
0.043436175677610
