# overlapMeansTApproxInterface
0.148975547441266
0.243172407036622
0.293379689993388
0.355500097932103
0.404221814398584
0.440068386184827
0.478631000721084
0.509465111288413
0.535635362006798
0.562572008588640
0.585268721027640
0.604148870187450
0.618833744777071
0.635219828992850
0.651805029173732
0.663806140921756
0.672815652506977
0.683840045842115
0.694905117705697
0.707540146647499
0.782155340361193
0.829037554976642
0.863261565371505
0.889812708620690
0.905505412929389
0.916237374270052
0.924533914657589
0.930581598778386
0.934957044789106
0.937397885265807
0.939711846521100
0.941419773953096
0.942488235434850
0.943557566970075
0.944182276504547
0.944667442302367
0.945109419851412
0.945590975677679
0.946185727445957
0.946621263206638
0.946843027358328
0.947164524290765
0.947439035220203
0.947658975516390
0.947821307014020
0.947975874091411
0.948134040537096
0.948395079980010
0.948504617933314
0.948580228332677
0.948655190757090
0.948660830618746
0.948660919905907
0.948660951775831
0.948660986964243
0.948660990959860
0.948660994308775
0.948660995471821
