# RMSDMeansInterface
0.029240084780083
0.056844191177870
0.072701498654841
0.095825741914085
0.116857513176639
0.132827471107582
0.152849312047067
0.168586806393520
0.184240156566498
0.201036653729578
0.216706140236752
0.231419417378465
0.243456033292619
0.256869040299138
0.270958812234049
0.282024959732726
0.290947838951340
0.302540904808302
0.313029267286689
0.326202552577259
0.412041675044428
0.475241729430452
0.529501750855408
0.578222893241575
0.608810606938971
0.631755734120872
0.649712007805872
0.663919817756699
0.674969789492549
0.681045468143283
0.687211275847088
0.691549919874412
0.694175269538344
0.696648218723375
0.698470183210403
0.699485716074756
0.700418650652236
0.701236562686852
0.702329034724192
0.703075915618266
0.703587514560330
0.704227936705117
0.704714636386196
0.705131722904435
0.705441261916581
0.705760763418154
0.706099327658634
0.706714351338540
0.707001305430438
0.707215925085384
0.707445164127986
0.707463296953671
0.707463566898033
0.707463665907934
0.707463769627057
0.707463781732615
0.707463791344627
0.707463795011699
