# RMSDMeansWhole
0.045638921703649
0.103155343406416
0.125571689461765
0.140597805249307
0.156622666500878
0.170117500953776
0.181139717643981
0.189322884842882
0.198173117530539
0.206494558829574
0.213365857149758
0.223602003472974
0.229566424619847
0.236886249077148
0.241041752245643
0.247750704527271
0.253121493956964
0.258022284667182
0.262587375921994
0.267531964562830
0.304010214182974
0.330511321492525
0.352717194871155
0.374106727421747
0.393524044907774
0.412074671437047
0.428849577811305
0.443098616878652
0.455996215789189
0.467870149729946
0.479893793450405
0.490140706729043
0.499917515049645
0.509078545736243
0.517774984201348
0.525350424971939
0.533873568750090
0.540950685069158
0.547655105080386
0.555158921944992
0.561483969542600
0.568113978700584
0.573094171641555
0.578447267515957
0.584271030092909
0.589621503532650
0.594785066467875
0.599929194127497
0.604704301943451
0.609426412159681
0.613994087777921
0.619186776800690
0.623375803659298
0.627312010282701
0.630911537987893
0.634834075230650
0.638158169413478
0.641274070136540
