# chanceToIncludeBestOverlapModeInterface
0.000000000000000
0.000000000000000
0.000000000000000
0.000000000000000
0.000000000000000
0.000000000000000
0.095238095238095
0.095238095238095
0.119047619047619
0.119047619047619
0.119047619047619
0.214285714285714
0.238095238095238
0.261904761904762
0.285714285714286
0.333333333333333
0.333333333333333
0.333333333333333
0.357142857142857
0.404761904761905
0.404761904761905
0.428571428571428
0.452380952380952
0.500000000000000
0.500000000000000
0.500000000000000
0.523809523809524
0.523809523809524
0.523809523809524
0.523809523809524
0.523809523809524
0.547619047619048
0.547619047619048
0.547619047619048
0.547619047619048
0.547619047619048
0.595238095238095
0.595238095238095
0.619047619047619
0.619047619047619
0.642857142857143
0.642857142857143
0.642857142857143
0.666666666666667
0.666666666666667
0.666666666666667
0.714285714285714
0.714285714285714
0.714285714285714
0.714285714285714
0.714285714285714
0.714285714285714
0.714285714285714
0.714285714285714
0.714285714285714
0.714285714285714
0.714285714285714
0.738095238095238
0.738095238095238
0.738095238095238
0.738095238095238
0.738095238095238
0.738095238095238
0.738095238095238
0.738095238095238
0.738095238095238
0.738095238095238
0.738095238095238
0.738095238095238
0.738095238095238
0.738095238095238
0.761904761904762
0.761904761904762
0.761904761904762
0.761904761904762
0.761904761904762
0.761904761904762
0.761904761904762
0.761904761904762
0.761904761904762
0.761904761904762
0.785714285714286
0.785714285714286
0.785714285714286
0.785714285714286
0.785714285714286
0.785714285714286
0.785714285714286
0.785714285714286
0.785714285714286
0.785714285714286
0.785714285714286
0.785714285714286
0.785714285714286
0.809523809523810
0.809523809523810
0.809523809523810
0.809523809523810
0.809523809523810
0.833333333333333
0.833333333333333
0.833333333333333
0.833333333333333
0.833333333333333
0.833333333333333
0.833333333333333
0.833333333333333
0.833333333333333
0.833333333333333
0.833333333333333
0.833333333333333
0.833333333333333
0.833333333333333
0.833333333333333
0.833333333333333
0.833333333333333
0.833333333333333
0.833333333333333
0.833333333333333
0.833333333333333
0.833333333333333
0.833333333333333
0.833333333333333
0.833333333333333
0.833333333333333
0.833333333333333
0.833333333333333
0.833333333333333
0.833333333333333
0.833333333333333
0.833333333333333
0.833333333333333
0.833333333333333
0.833333333333333
0.833333333333333
0.833333333333333
0.833333333333333
0.857142857142857
0.857142857142857
0.857142857142857
0.857142857142857
0.857142857142857
0.857142857142857
0.857142857142857
0.857142857142857
0.857142857142857
0.857142857142857
0.857142857142857
0.857142857142857
0.857142857142857
0.857142857142857
0.857142857142857
0.857142857142857
0.857142857142857
0.857142857142857
0.857142857142857
0.857142857142857
0.857142857142857
0.857142857142857
0.857142857142857
0.857142857142857
0.857142857142857
0.857142857142857
0.857142857142857
0.857142857142857
0.857142857142857
0.857142857142857
0.857142857142857
0.857142857142857
0.857142857142857
0.880952380952381
0.880952380952381
0.880952380952381
0.880952380952381
0.880952380952381
0.880952380952381
0.880952380952381
0.880952380952381
0.880952380952381
0.880952380952381
0.880952380952381
0.880952380952381
0.880952380952381
0.880952380952381
0.880952380952381
0.880952380952381
0.880952380952381
0.880952380952381
0.880952380952381
0.880952380952381
0.880952380952381
0.880952380952381
0.880952380952381
0.880952380952381
0.880952380952381
0.880952380952381
0.880952380952381
0.880952380952381
0.880952380952381
0.880952380952381
0.880952380952381
0.880952380952381
0.880952380952381
0.880952380952381
0.880952380952381
0.880952380952381
0.880952380952381
0.880952380952381
0.904761904761905
0.904761904761905
0.904761904761905
0.904761904761905
0.904761904761905
0.904761904761905
0.904761904761905
0.904761904761905
0.904761904761905
0.904761904761905
0.904761904761905
0.904761904761905
0.904761904761905
0.904761904761905
0.904761904761905
0.904761904761905
0.904761904761905
0.904761904761905
0.904761904761905
0.904761904761905
0.904761904761905
0.904761904761905
0.904761904761905
0.904761904761905
0.904761904761905
0.904761904761905
0.904761904761905
0.904761904761905
0.904761904761905
0.904761904761905
0.904761904761905
0.904761904761905
0.904761904761905
0.904761904761905
0.904761904761905
0.904761904761905
0.904761904761905
0.904761904761905
0.904761904761905
0.928571428571429
0.928571428571429
0.928571428571429
0.928571428571429
0.928571428571429
0.928571428571429
0.928571428571429
0.928571428571429
0.928571428571429
0.928571428571429
0.928571428571429
0.928571428571429
0.928571428571429
0.928571428571429
0.928571428571429
0.928571428571429
0.928571428571429
0.928571428571429
0.928571428571429
0.928571428571429
0.928571428571429
0.928571428571429
0.928571428571429
0.928571428571429
0.952380952380953
0.952380952380953
0.952380952380953
0.952380952380953
0.952380952380953
0.952380952380953
0.952380952380953
0.952380952380953
0.952380952380953
0.952380952380953
0.952380952380953
0.952380952380953
0.952380952380953
0.952380952380953
0.952380952380953
0.952380952380953
0.952380952380953
0.952380952380953
0.952380952380953
0.952380952380953
0.952380952380953
0.952380952380953
0.952380952380953
0.952380952380953
0.952380952380953
0.952380952380953
0.952380952380953
0.952380952380953
0.952380952380953
0.952380952380953
0.952380952380953
0.952380952380953
0.952380952380953
0.952380952380953
0.952380952380953
0.952380952380953
0.952380952380953
0.952380952380953
0.952380952380953
0.952380952380953
0.952380952380953
0.952380952380953
0.952380952380953
0.952380952380953
0.952380952380953
0.952380952380953
0.952380952380953
0.976190476190476
0.976190476190476
0.976190476190476
0.976190476190476
0.976190476190476
0.976190476190476
0.976190476190476
0.976190476190476
0.976190476190476
0.976190476190476
0.976190476190476
0.976190476190476
0.976190476190476
0.976190476190476
0.976190476190476
0.976190476190476
0.976190476190476
0.976190476190476
0.976190476190476
0.976190476190476
0.976190476190476
0.976190476190476
0.976190476190476
0.976190476190476
1.000000000000000
1.000000000000000
1.000000000000000
1.000000000000000
1.000000000000000
1.000000000000000
1.000000000000000
1.000000000000000
1.000000000000000
1.000000000000000
1.000000000000000
1.000000000000000
1.000000000000000
1.000000000000000
1.000000000000000
1.000000000000000
1.000000000000000
1.000000000000000
1.000000000000000
1.000000000000000
1.000000000000000
1.000000000000000
1.000000000000000
1.000000000000000
1.000000000000000
1.000000000000000
1.000000000000000
1.000000000000000
1.000000000000000
1.000000000000000
1.000000000000000
1.000000000000000
1.000000000000000
1.000000000000000
1.000000000000000
1.000000000000000
1.000000000000000
1.000000000000000
1.000000000000000
1.000000000000000
1.000000000000000
1.000000000000000
1.000000000000000
1.000000000000000
1.000000000000000
1.000000000000000
1.000000000000000
1.000000000000000
1.000000000000000
1.000000000000000
1.000000000000000
1.000000000000000
1.000000000000000
1.000000000000000
1.000000000000000
1.000000000000000
1.000000000000000
1.000000000000000
1.000000000000000
1.000000000000000
1.000000000000000
1.000000000000000
1.000000000000000
1.000000000000000
