# chanceToIncludeBestOverlapModeWhole
0.000000000000000
0.000000000000000
0.000000000000000
0.000000000000000
0.000000000000000
0.000000000000000
0.309523809523810
0.523809523809524
0.642857142857143
0.714285714285714
0.738095238095238
0.738095238095238
0.738095238095238
0.761904761904762
0.785714285714286
0.785714285714286
0.785714285714286
0.785714285714286
0.785714285714286
0.785714285714286
0.833333333333333
0.857142857142857
0.857142857142857
0.904761904761905
0.904761904761905
0.904761904761905
0.904761904761905
0.904761904761905
0.904761904761905
0.928571428571429
0.928571428571429
0.928571428571429
0.928571428571429
0.928571428571429
0.928571428571429
0.928571428571429
0.928571428571429
0.928571428571429
0.928571428571429
0.928571428571429
0.928571428571429
0.928571428571429
0.928571428571429
0.928571428571429
0.928571428571429
0.928571428571429
0.928571428571429
0.928571428571429
0.928571428571429
0.952380952380953
0.952380952380953
0.952380952380953
0.952380952380953
0.952380952380953
0.952380952380953
0.952380952380953
0.952380952380953
0.952380952380953
0.952380952380953
0.952380952380953
0.952380952380953
0.952380952380953
0.952380952380953
0.952380952380953
0.952380952380953
0.952380952380953
0.952380952380953
0.952380952380953
0.952380952380953
0.952380952380953
0.952380952380953
0.952380952380953
0.952380952380953
0.952380952380953
0.952380952380953
0.952380952380953
0.952380952380953
0.952380952380953
0.952380952380953
0.952380952380953
0.952380952380953
0.952380952380953
0.952380952380953
0.952380952380953
0.952380952380953
0.952380952380953
0.952380952380953
0.952380952380953
0.952380952380953
0.952380952380953
0.952380952380953
0.952380952380953
0.952380952380953
0.976190476190476
0.976190476190476
0.976190476190476
0.976190476190476
0.976190476190476
0.976190476190476
0.976190476190476
0.976190476190476
0.976190476190476
0.976190476190476
0.976190476190476
0.976190476190476
0.976190476190476
0.976190476190476
0.976190476190476
0.976190476190476
0.976190476190476
0.976190476190476
0.976190476190476
0.976190476190476
0.976190476190476
0.976190476190476
0.976190476190476
0.976190476190476
0.976190476190476
0.976190476190476
0.976190476190476
0.976190476190476
0.976190476190476
0.976190476190476
0.976190476190476
0.976190476190476
0.976190476190476
0.976190476190476
0.976190476190476
0.976190476190476
0.976190476190476
0.976190476190476
0.976190476190476
0.976190476190476
0.976190476190476
0.976190476190476
0.976190476190476
0.976190476190476
0.976190476190476
0.976190476190476
0.976190476190476
0.976190476190476
0.976190476190476
0.976190476190476
1.000000000000000
1.000000000000000
1.000000000000000
1.000000000000000
1.000000000000000
1.000000000000000
1.000000000000000
1.000000000000000
1.000000000000000
1.000000000000000
1.000000000000000
1.000000000000000
1.000000000000000
1.000000000000000
1.000000000000000
1.000000000000000
1.000000000000000
1.000000000000000
1.000000000000000
1.000000000000000
1.000000000000000
1.000000000000000
1.000000000000000
1.000000000000000
1.000000000000000
1.000000000000000
1.000000000000000
1.000000000000000
1.000000000000000
1.000000000000000
1.000000000000000
1.000000000000000
1.000000000000000
1.000000000000000
1.000000000000000
1.000000000000000
1.000000000000000
1.000000000000000
1.000000000000000
1.000000000000000
1.000000000000000
1.000000000000000
1.000000000000000
1.000000000000000
1.000000000000000
1.000000000000000
1.000000000000000
1.000000000000000
1.000000000000000
1.000000000000000
1.000000000000000
1.000000000000000
1.000000000000000
1.000000000000000
1.000000000000000
1.000000000000000
1.000000000000000
1.000000000000000
1.000000000000000
1.000000000000000
1.000000000000000
1.000000000000000
1.000000000000000
1.000000000000000
1.000000000000000
1.000000000000000
1.000000000000000
1.000000000000000
1.000000000000000
1.000000000000000
1.000000000000000
1.000000000000000
1.000000000000000
1.000000000000000
1.000000000000000
1.000000000000000
1.000000000000000
1.000000000000000
1.000000000000000
1.000000000000000
1.000000000000000
1.000000000000000
1.000000000000000
1.000000000000000
1.000000000000000
1.000000000000000
1.000000000000000
1.000000000000000
1.000000000000000
1.000000000000000
1.000000000000000
1.000000000000000
1.000000000000000
1.000000000000000
1.000000000000000
1.000000000000000
1.000000000000000
1.000000000000000
1.000000000000000
1.000000000000000
1.000000000000000
1.000000000000000
1.000000000000000
1.000000000000000
1.000000000000000
1.000000000000000
1.000000000000000
1.000000000000000
1.000000000000000
1.000000000000000
1.000000000000000
1.000000000000000
1.000000000000000
1.000000000000000
1.000000000000000
1.000000000000000
1.000000000000000
1.000000000000000
1.000000000000000
1.000000000000000
1.000000000000000
1.000000000000000
1.000000000000000
1.000000000000000
1.000000000000000
1.000000000000000
1.000000000000000
1.000000000000000
1.000000000000000
1.000000000000000
1.000000000000000
1.000000000000000
1.000000000000000
1.000000000000000
1.000000000000000
1.000000000000000
1.000000000000000
1.000000000000000
1.000000000000000
1.000000000000000
1.000000000000000
1.000000000000000
1.000000000000000
1.000000000000000
1.000000000000000
1.000000000000000
1.000000000000000
1.000000000000000
1.000000000000000
1.000000000000000
1.000000000000000
1.000000000000000
1.000000000000000
1.000000000000000
1.000000000000000
1.000000000000000
1.000000000000000
1.000000000000000
1.000000000000000
1.000000000000000
1.000000000000000
1.000000000000000
1.000000000000000
1.000000000000000
1.000000000000000
1.000000000000000
1.000000000000000
1.000000000000000
1.000000000000000
1.000000000000000
1.000000000000000
1.000000000000000
1.000000000000000
1.000000000000000
1.000000000000000
1.000000000000000
1.000000000000000
1.000000000000000
1.000000000000000
1.000000000000000
1.000000000000000
1.000000000000000
1.000000000000000
1.000000000000000
1.000000000000000
1.000000000000000
1.000000000000000
1.000000000000000
1.000000000000000
1.000000000000000
1.000000000000000
1.000000000000000
1.000000000000000
1.000000000000000
1.000000000000000
1.000000000000000
1.000000000000000
1.000000000000000
1.000000000000000
1.000000000000000
1.000000000000000
1.000000000000000
1.000000000000000
1.000000000000000
1.000000000000000
1.000000000000000
1.000000000000000
1.000000000000000
1.000000000000000
1.000000000000000
1.000000000000000
1.000000000000000
1.000000000000000
1.000000000000000
1.000000000000000
1.000000000000000
1.000000000000000
1.000000000000000
1.000000000000000
1.000000000000000
1.000000000000000
1.000000000000000
1.000000000000000
1.000000000000000
1.000000000000000
1.000000000000000
1.000000000000000
1.000000000000000
1.000000000000000
1.000000000000000
1.000000000000000
1.000000000000000
1.000000000000000
1.000000000000000
1.000000000000000
1.000000000000000
1.000000000000000
1.000000000000000
1.000000000000000
1.000000000000000
1.000000000000000
1.000000000000000
1.000000000000000
1.000000000000000
1.000000000000000
1.000000000000000
1.000000000000000
1.000000000000000
1.000000000000000
1.000000000000000
1.000000000000000
1.000000000000000
1.000000000000000
1.000000000000000
1.000000000000000
1.000000000000000
1.000000000000000
1.000000000000000
1.000000000000000
1.000000000000000
1.000000000000000
1.000000000000000
1.000000000000000
