# chanceToIncludeBestCorrelationModeInterface
0.000000000000000
0.023809523809524
0.071428571428571
0.071428571428571
0.095238095238095
0.095238095238095
0.119047619047619
0.142857142857143
0.142857142857143
0.142857142857143
0.166666666666667
0.166666666666667
0.166666666666667
0.166666666666667
0.166666666666667
0.190476190476190
0.190476190476190
0.190476190476190
0.190476190476190
0.190476190476190
0.214285714285714
0.214285714285714
0.214285714285714
0.214285714285714
0.214285714285714
0.238095238095238
0.238095238095238
0.261904761904762
0.285714285714286
0.285714285714286
0.285714285714286
0.285714285714286
0.285714285714286
0.285714285714286
0.309523809523810
0.309523809523810
0.309523809523810
0.309523809523810
0.309523809523810
0.333333333333333
0.333333333333333
0.333333333333333
0.333333333333333
0.357142857142857
0.357142857142857
0.357142857142857
0.380952380952381
0.380952380952381
0.380952380952381
0.380952380952381
0.380952380952381
0.380952380952381
0.404761904761905
0.428571428571429
0.428571428571429
0.452380952380953
0.452380952380953
0.452380952380953
0.452380952380953
0.452380952380953
0.452380952380953
0.452380952380953
0.452380952380953
0.452380952380953
0.452380952380953
0.452380952380953
0.452380952380953
0.452380952380953
0.452380952380953
0.452380952380953
0.500000000000000
0.500000000000000
0.500000000000000
0.500000000000000
0.500000000000000
0.500000000000000
0.500000000000000
0.500000000000000
0.500000000000000
0.500000000000000
0.500000000000000
0.500000000000000
0.500000000000000
0.523809523809524
0.523809523809524
0.523809523809524
0.523809523809524
0.523809523809524
0.523809523809524
0.547619047619048
0.571428571428572
0.571428571428572
0.571428571428572
0.595238095238096
0.595238095238096
0.619047619047619
0.619047619047619
0.619047619047619
0.619047619047619
0.619047619047619
0.619047619047619
0.619047619047619
0.619047619047619
0.619047619047619
0.619047619047619
0.619047619047619
0.619047619047619
0.619047619047619
0.619047619047619
0.619047619047619
0.619047619047619
0.619047619047619
0.619047619047619
0.619047619047619
0.619047619047619
0.642857142857143
0.642857142857143
0.642857142857143
0.642857142857143
0.642857142857143
0.642857142857143
0.642857142857143
0.642857142857143
0.642857142857143
0.642857142857143
0.642857142857143
0.642857142857143
0.642857142857143
0.642857142857143
0.642857142857143
0.642857142857143
0.642857142857143
0.642857142857143
0.642857142857143
0.642857142857143
0.642857142857143
0.642857142857143
0.642857142857143
0.642857142857143
0.642857142857143
0.642857142857143
0.642857142857143
0.642857142857143
0.642857142857143
0.642857142857143
0.642857142857143
0.642857142857143
0.642857142857143
0.642857142857143
0.642857142857143
0.642857142857143
0.642857142857143
0.642857142857143
0.642857142857143
0.642857142857143
0.642857142857143
0.666666666666667
0.666666666666667
0.666666666666667
0.666666666666667
0.666666666666667
0.666666666666667
0.666666666666667
0.666666666666667
0.666666666666667
0.666666666666667
0.666666666666667
0.666666666666667
0.666666666666667
0.666666666666667
0.666666666666667
0.666666666666667
0.666666666666667
0.666666666666667
0.666666666666667
0.666666666666667
0.666666666666667
0.666666666666667
0.666666666666667
0.666666666666667
0.666666666666667
0.666666666666667
0.666666666666667
0.666666666666667
0.666666666666667
0.690476190476191
0.690476190476191
0.690476190476191
0.690476190476191
0.690476190476191
0.690476190476191
0.690476190476191
0.690476190476191
0.690476190476191
0.690476190476191
0.690476190476191
0.690476190476191
0.690476190476191
0.690476190476191
0.690476190476191
0.690476190476191
0.690476190476191
0.690476190476191
0.690476190476191
0.690476190476191
0.690476190476191
0.690476190476191
0.690476190476191
0.690476190476191
0.714285714285715
0.714285714285715
0.714285714285715
0.714285714285715
0.714285714285715
0.714285714285715
0.714285714285715
0.738095238095239
0.738095238095239
0.738095238095239
0.761904761904762
0.761904761904762
0.761904761904762
0.761904761904762
0.761904761904762
0.761904761904762
0.761904761904762
0.761904761904762
0.761904761904762
0.761904761904762
0.761904761904762
0.761904761904762
0.761904761904762
0.761904761904762
0.761904761904762
0.761904761904762
0.761904761904762
0.761904761904762
0.761904761904762
0.761904761904762
0.761904761904762
0.761904761904762
0.761904761904762
0.785714285714286
0.785714285714286
0.785714285714286
0.785714285714286
0.785714285714286
0.785714285714286
0.785714285714286
0.785714285714286
0.785714285714286
0.785714285714286
0.785714285714286
0.785714285714286
0.785714285714286
0.785714285714286
0.785714285714286
0.785714285714286
0.809523809523810
0.809523809523810
0.809523809523810
0.833333333333334
0.833333333333334
0.833333333333334
0.833333333333334
0.833333333333334
0.833333333333334
0.857142857142858
0.857142857142858
0.857142857142858
0.857142857142858
0.880952380952382
0.880952380952382
0.880952380952382
0.880952380952382
0.880952380952382
0.880952380952382
0.904761904761905
0.904761904761905
0.904761904761905
0.904761904761905
0.904761904761905
0.904761904761905
0.904761904761905
0.904761904761905
0.904761904761905
0.904761904761905
0.904761904761905
0.904761904761905
0.904761904761905
0.904761904761905
0.904761904761905
0.904761904761905
0.904761904761905
0.904761904761905
0.904761904761905
0.904761904761905
0.904761904761905
0.904761904761905
0.904761904761905
0.904761904761905
0.904761904761905
0.904761904761905
0.904761904761905
0.904761904761905
0.904761904761905
0.904761904761905
0.904761904761905
0.904761904761905
0.904761904761905
0.904761904761905
0.904761904761905
0.904761904761905
0.904761904761905
0.904761904761905
0.904761904761905
0.904761904761905
0.904761904761905
0.904761904761905
0.904761904761905
0.904761904761905
0.904761904761905
0.904761904761905
0.904761904761905
0.904761904761905
0.904761904761905
0.904761904761905
0.904761904761905
0.904761904761905
0.904761904761905
0.904761904761905
0.904761904761905
0.904761904761905
0.904761904761905
0.904761904761905
0.904761904761905
0.904761904761905
0.904761904761905
0.904761904761905
0.904761904761905
0.904761904761905
0.904761904761905
0.928571428571429
0.928571428571429
0.928571428571429
0.928571428571429
0.928571428571429
0.928571428571429
0.952380952380953
0.952380952380953
0.952380952380953
0.952380952380953
0.952380952380953
0.952380952380953
0.952380952380953
0.952380952380953
0.952380952380953
0.976190476190477
0.976190476190477
0.976190476190477
0.976190476190477
0.976190476190477
0.976190476190477
0.976190476190477
0.976190476190477
0.976190476190477
0.976190476190477
0.976190476190477
0.976190476190477
0.976190476190477
0.976190476190477
0.976190476190477
0.976190476190477
0.976190476190477
0.976190476190477
0.976190476190477
0.976190476190477
0.976190476190477
0.976190476190477
0.976190476190477
0.976190476190477
0.976190476190477
0.976190476190477
0.976190476190477
0.976190476190477
0.976190476190477
0.976190476190477
0.976190476190477
0.976190476190477
0.976190476190477
0.976190476190477
0.976190476190477
0.976190476190477
0.976190476190477
0.976190476190477
0.976190476190477
0.976190476190477
0.976190476190477
0.976190476190477
0.976190476190477
0.976190476190477
0.976190476190477
0.976190476190477
0.976190476190477
0.976190476190477
1.000000000000001
