# highestOverlapValue
0.377646698452230
0.211737488105697
0.271124033528255
0.312866538546390
0.191785816558266
0.450895686258286
0.239409773960257
0.321607778868813
0.536016503884338
0.308463587033671
0.296357672267173
0.217752225009361
0.394511666150264
0.280658163281847
0.425475164689010
0.123540982273782
0.272846550405717
0.448017164974159
0.535960046205737
0.528068009725656
0.240520629880134
0.412454526308149
0.423480889543973
0.292667770069696
0.411767327038531
0.589150967130538
0.250975017161873
0.520719803949553
0.255113680600660
0.320690989536453
0.488796304085398
0.203251839981938
0.192526378122354
0.459694776803048
0.250690655545252
0.223242384063372
0.328547616861231
0.383029962889420
0.520677047576716
0.522387427814711
0.256016905326539
0.530963627809801
