# highestCorrelationValue
0.584138469842309
0.598305207712528
0.519259514676750
0.403525893332863
0.426796794597749
0.550349796342549
0.415664302219821
0.797421455647876
0.394868519933123
0.648954803969253
0.545296898541794
0.353087016955553
0.780511185622096
0.645362718298727
0.410392138754244
0.372016328035907
0.613411366618887
0.488300089671687
0.573914626864105
0.541746190150906
0.428265534952872
0.496313907960678
0.526868540017910
0.926910375105710
0.592082824198489
0.414175608770399
0.699080782422081
0.572257909039648
0.514451384408212
0.685301951555341
0.532113386322338
0.497149429948799
0.478022606073253
0.776717757452580
0.484423027699541
0.360321501587495
0.447891514046726
0.575674434792054
0.807552523790435
0.585809968168065
0.505398172679196
0.603271708211980
