# highestCollectivityValue
0.856843100113009
0.956338602813476
0.945300927344168
0.915213033656210
0.908797340241006
0.891002140568004
0.993129780116885
0.902759356257709
0.990638984568204
0.934154125775530
0.791824372409164
0.925235596833762
0.974969966909539
0.954296029649282
0.852629046754739
0.906418200732875
0.972763020312024
0.889410023722493
0.816498124437527
0.869124052269138
0.868114256021090
0.956708443389992
0.970062267415718
0.871836196658069
0.967063663722111
0.932955276380964
0.903589903909232
0.846477467144380
0.956374528272219
0.957282307168378
0.863394483070504
0.903729067953465
0.973400421740499
0.982411585276303
0.944693687575345
0.921838848141189
0.884465346770507
0.864947182666746
0.969916897122249
0.933647623901777
0.922756678113555
0.862179966820658
