# LRMSMeansWhole
0.041157127241441
0.067270138269867
0.086725431031445
0.103386223165334
0.113829210178707
0.123951032838514
0.129553733942164
0.136507855246652
0.145240781035853
0.149604973476228
0.153721771061896
0.157015364249827
0.160082263578377
0.165466131034629
0.170147851767552
0.173981144265227
0.177724352317396
0.184007537308979
0.188724037378102
0.192535236435249
0.223824660228765
0.246770583805949
0.263961516297202
0.281084111886936
0.296533091861975
0.310177666894654
0.330399025349477
0.344674326396605
0.357226474648238
0.366956408423904
0.378081405039544
0.388654664318276
0.398629119696266
0.406448648413714
0.414118304677975
0.422338359648492
0.429796757287055
0.437197355657719
0.443631498014889
0.450043094293460
0.455872477504884
0.461754915749013
0.468180426633662
0.473570579866482
0.478505332223753
0.483362294455841
0.488781244149590
0.493215500606309
0.497904865295204
0.501973353552816
0.506200513017760
0.509698476441037
0.513490962754279
0.517531353262061
0.520691919620872
0.524161476224535
0.527794556180337
0.531274328244344
