# LRMSStdInterface
0.041818794551913
0.053000975194910
0.054825163442274
0.063786694674605
0.066050630964684
0.081399209083052
0.081628610801438
0.084854187786427
0.087381813494648
0.089263072582396
0.090977542261461
0.092767046696196
0.092933449445922
0.092312027218794
0.091976292394126
0.093493309729004
0.093690279718921
0.094184468805392
0.094299305306962
0.094593361998590
0.112309018404594
0.108734715499248
0.110094570966193
0.110514269175891
0.105430161771574
0.100534853126031
0.097496277981715
0.096235707000876
0.095007054344085
0.096607004935844
0.097919881373715
0.097867200422115
0.098240411561643
0.098250775291752
0.098251264737740
0.098251374387756
0.098251387353404
0.098251393040412
0.098251395446874
0.098251396979709
0.098251397428900
0.098251397815398
0.098251398075928
0.098251398205059
0.098251398260302
0.098251398278792
0.098251398326914
0.098251398334071
0.098251398346802
0.098251398369116
0.098251398381896
0.098251398413486
0.098251398427182
0.098251398426855
0.098251398428839
0.098251398429574
0.098251398429834
0.098251398442517
