# LRMSMeansInterface
0.020521394454464
0.037743262961119
0.044342053472471
0.059808996049808
0.073929389334652
0.092757839085344
0.103238603171569
0.117543741677998
0.138665878783269
0.150962262165040
0.161558482334034
0.175193384423662
0.184170024709756
0.198634301804206
0.208131143434729
0.220529316542170
0.228811098691081
0.236754853545525
0.242874781862805
0.249988273798922
0.319541256708740
0.375854917132051
0.419028248642044
0.458569125447946
0.494182588599355
0.517365504780376
0.531940677395783
0.544216620218990
0.553913269659696
0.557780972192075
0.561027320591378
0.562598663323843
0.563052253795844
0.563063247762304
0.563063801989350
0.563063921984723
0.563063938335585
0.563063944762293
0.563063948316105
0.563063950593938
0.563063951238427
0.563063951841784
0.563063952148449
0.563063952345272
0.563063952422068
0.563063952469057
0.563063952524362
0.563063952538384
0.563063952556084
0.563063952597456
0.563063952615687
0.563063952650266
0.563063952670396
0.563063952673715
0.563063952678516
0.563063952680500
0.563063952681106
0.563063952699676
