# overlapStdTApproxInterface
0.152636649850023
0.174855720491172
0.172829175886126
0.185549709976003
0.178577390987749
0.190435626753611
0.179665462677190
0.172862864386567
0.166957173561922
0.165485475902877
0.158932106065041
0.152359956501571
0.145806739611059
0.135310671304185
0.132160573843899
0.129876306040618
0.125825017989809
0.123461328788175
0.118044439950113
0.117242068969364
0.105734760960118
0.090691313905353
0.082832901497431
0.074946862283264
0.066728699099805
0.059581003818194
0.055408378469529
0.053004862579801
0.051457345278900
0.051876663530538
0.052208869171212
0.052120521654476
0.052255577645201
0.052259134404984
0.052259305407849
0.052259342468766
0.052259346901221
0.052259348758673
0.052259349611943
0.052259350206209
0.052259350359649
0.052259350502317
0.052259350590367
0.052259350638319
0.052259350655753
0.052259350661369
0.052259350675278
0.052259350678158
0.052259350682728
0.052259350689722
0.052259350694475
0.052259350703420
0.052259350706792
0.052259350706295
0.052259350707057
0.052259350707356
0.052259350707409
0.052259350712214
