# overlapStdTApproxWhole
0.175379522657483
0.169658728379078
0.171912046686014
0.168250045707260
0.168976600237592
0.166438198183106
0.165246846609184
0.163347262191915
0.160451998293374
0.161051822719149
0.158895197162120
0.157461433531722
0.155531663547055
0.157698316820731
0.149080392342563
0.150383266627542
0.148199186620661
0.145783595548228
0.142780235839309
0.143537337965337
0.133855380000919
0.128304597863497
0.119501298909602
0.117757811940732
0.113293864770325
0.111612965284871
0.111177322950863
0.110133925071873
0.109452795945349
0.106534238694906
0.103928599712716
0.100064024189531
0.098313580375138
0.095623638672030
0.093362800741212
0.090856103027968
0.088555169902774
0.086504536733214
0.085505105341192
0.084337774332918
0.082340430883513
0.080755527839773
0.078718797969846
0.077494551446845
0.076025717822601
0.074876902060055
0.073434208427545
0.072449074808772
0.071210548530784
0.070669024850300
0.069622753766131
0.069291340763952
0.068181864782121
0.067432127773092
0.066904274948498
0.066318456167882
0.065982915229483
0.065304255897181
