# overlapMeansTApproxWhole
0.218901469607989
0.313028651637820
0.361635329181392
0.401409110433827
0.423038191127109
0.443115682919470
0.454095328801319
0.467725912561288
0.483946378397162
0.491197853832485
0.498988967353967
0.504883022967243
0.510343693626876
0.517661110914119
0.527732685201507
0.532918350923481
0.539345583723089
0.549167477642274
0.556954249545061
0.561997564563177
0.606586027473848
0.635736490408779
0.657404514742739
0.676076999928631
0.693007440995379
0.706380864229695
0.724687716251209
0.736783991606678
0.746543565443132
0.755411412993865
0.765008998719679
0.774180620881970
0.782079226099550
0.788513748742631
0.794652280023150
0.801141558889077
0.806968861248444
0.812608426764971
0.817259357519805
0.821797780463553
0.826008892637345
0.830164905271472
0.834674086397829
0.838287194891459
0.841631236892081
0.844839980194405
0.848382340801049
0.851145829594538
0.854096019134184
0.856523420066578
0.859071649991002
0.861083487533486
0.863354017395093
0.865679897764959
0.867472864564374
0.869420132928628
0.871440638117301
0.873442575628072
