# overlapMeansTApproxInterface
0.127166246367301
0.203649684286166
0.233719750886515
0.280107201712479
0.327114368497814
0.367479699958999
0.397244635819034
0.430200010637583
0.472693066726087
0.494594103314843
0.514079738862269
0.537245165207912
0.552482612820120
0.575865740223614
0.589605896669960
0.606157038441331
0.617449717962889
0.627628523998419
0.635985904638223
0.644460353230776
0.716763062079114
0.768682068605110
0.802460288223943
0.830329397222583
0.853786518563468
0.868177546568844
0.876723909572515
0.883446997078971
0.888600277420173
0.890339556500388
0.891785914632047
0.892568360384287
0.892742768122417
0.892746833648692
0.892747040520743
0.892747085361818
0.892747091683791
0.892747094089074
0.892747095508387
0.892747096414234
0.892747096671757
0.892747096916837
0.892747097033109
0.892747097111586
0.892747097142142
0.892747097162766
0.892747097183751
0.892747097189670
0.892747097196684
0.892747097213990
0.892747097221260
0.892747097234215
0.892747097242424
0.892747097244085
0.892747097246192
0.892747097247048
0.892747097247326
0.892747097254745
