# RMSDStdWhole
0.052365415602466
0.063444121656957
0.080330580943917
0.086596369472946
0.089769908628927
0.096786503597615
0.098464223826011
0.098995391536680
0.101468460092748
0.102383705713426
0.102102064647478
0.102550799941837
0.103579992092735
0.107606906480676
0.106863116595259
0.109075584565379
0.108675055317079
0.110059041041273
0.109629484928867
0.111090752600884
0.111400830092357
0.112770728351214
0.111454028425254
0.113353903920960
0.112455621696942
0.115445712240736
0.121438350267528
0.127450707356485
0.135110568712392
0.134006233141837
0.133640355743890
0.132455938203923
0.133007270776166
0.132029409917123
0.131034862015499
0.129697604503033
0.128081251343914
0.126478274166123
0.125618073587414
0.124997260869855
0.124025302299758
0.122931238499967
0.121614756016283
0.120965392316212
0.120003461890834
0.119146234645827
0.118200052225021
0.118016830597221
0.117468307390867
0.117431795839043
0.117275398180970
0.117391589490378
0.117120965374621
0.117089361645451
0.117095982738436
0.117130617856310
0.117000403390005
0.116421296916373
