# collectivityArrayInterface
0.881069155552953
0.779904708380899
0.678737578001820
0.525516909461268
0.861778026511230
0.671474976729456
0.590399913531477
0.646440030824742
0.771221328916376
0.623592794953030
0.492679286926208
0.445846125124953
0.386550955613052
0.748624615975495
0.464098855836572
0.520361148518215
0.684908843154238
0.518706408274385
0.538680560763317
0.385660837911566
0.337639834425846
0.513041535122006
0.514959722734447
0.195219703392733
0.612888194332329
0.629720641213380
0.595532286811607
0.402131576730665
0.317719924918194
0.439054830232513
0.471859620644493
0.239210192159269
0.525777174906919
0.364397808206888
0.535153007418251
0.089514201449173
0.147364707762495
0.377330440917482
0.226623725376762
0.181339483311904
0.232801540090323
0.390346012829695
0.441546862044625
0.400651741723059
0.281325952696257
0.167391050393710
0.431802843830320
0.189348541719107
0.596499477683046
0.246219168928619
0.211048290282596
0.212782305273302
0.220171518802999
0.553234730068392
0.461704564846911
0.402431719895626
0.592505034487451
0.303818819992465
0.477414829814803
0.505017535138084
0.160588740638593
0.379947682100279
0.089245174563990
0.520948491613338
0.224073764518476
0.195338784632071
0.424550069465437
0.296026835568749
0.137362380661445
0.250184736806159
0.494774527980638
0.289832445106790
0.383609086876117
0.220933216540199
0.241999152689401
0.452493355204781
0.418454419816410
0.529496609877864
0.504445313295845
0.292228639159577
0.270213639918958
0.530280200514645
0.132308357281573
0.430935095717892
0.401148426536661
0.335755308673025
0.443927977491296
0.193887190427851
0.536615302949398
0.500884042436078
0.482285544737630
0.385822112601839
0.256988328788411
0.318806836086297
0.266344256602907
0.156920128134101
0.457247100899718
0.338995068744246
0.411125656786867
0.597784564094707
0.133079887925134
0.660128636856722
0.535298874097108
0.399443140966555
0.094286223218680
0.322013737623230
0.601571814207050
0.471550872186859
0.289569346584234
0.476085562693064
0.584868155780045
0.309498339182007
0.478762061967200
0.505943769246423
0.455029149291822
0.105419857181650
0.300302948982343
0.440387873574906
0.352075542671360
0.200007546486673
0.145763914292811
0.254872994946743
0.353213675822833
0.297505141290930
0.591205566423968
0.449886766601826
0.405280291573912
0.308887389122011
0.342508889218088
0.337324461617213
0.531818402224148
0.375779742511003
0.387903539086423
0.312215548734199
0.267560817679524
0.602970881213672
0.575031058479746
0.363608833132762
0.356197650973239
0.476465644062171
0.260403788725882
0.159076572956388
0.327527700299898
0.356400796579890
0.253418304611475
0.314491263283514
0.423865152815392
0.394228889109769
0.171693614644023
0.340124884840771
0.497214999814715
0.453649781420361
0.158036559304221
0.530244564763099
0.184452192308506
0.316435865773544
0.550834047338469
0.306894450201087
0.290177800137772
0.327062508445187
0.250376174858529
0.107484115286804
0.445461639437541
0.501439933494282
0.461524772180561
0.177986066266033
0.396978276290050
0.272565959663651
0.344069692808499
0.414241257978831
0.154590529366692
0.338669445053563
0.428655375844409
0.245271900268720
0.451389796737843
0.490877214488857
0.488339634371598
0.330616447427897
0.409050230968436
0.586983701770470
0.174845941387146
0.480647032736041
0.669605930373723
0.213354032414493
0.353490290985398
0.265324823371707
0.406040650832725
0.338836591743075
0.343253074365505
0.482796885824725
0.470854300876562
0.439060386394040
0.555113947661355
0.494467247896403
0.440932259560840
0.482555000736091
0.192992460053941
0.417871552785022
0.418726880697891
0.301974570053337
0.592366495515611
0.420839294389728
0.432233704527437
0.395544227326123
0.254645425554753
0.381514308791629
0.402184742746608
0.507868624855864
0.462452761385207
0.152207666706441
0.188403528525874
0.089725087048910
0.464184946859876
0.356050972702864
0.168800559493819
0.356988965804051
0.446000916511129
0.344521994213687
0.422318466432376
0.472015930095360
0.442593039191426
0.655225485763969
0.310035765576486
0.440241441176461
0.205651479484339
0.362528460348704
0.506692522373934
0.588282166112166
0.270549792225351
0.463669361323461
0.099778894788388
0.384233154456300
0.390479426243892
0.402268112700950
0.458618944714440
0.587988323494497
0.320875768450959
0.357008916772626
0.323359168794815
0.502834051735301
0.398228590303982
0.351307513293721
0.512906717268045
0.502908422268254
0.392012466223176
0.117639565906880
0.662554541192415
0.552276550768504
0.538184788368788
0.246718338512108
0.458081304921125
0.580462396807302
0.390153721626346
0.662140734633813
0.526487321300975
0.413604376763622
0.501877972010841
0.416878938214615
0.402786288352827
0.329837675543555
0.460199772688898
0.309095764541299
0.326485276569684
0.512317840131596
0.154388660014657
0.145574812074692
0.290949891965022
0.231357816446290
0.414089552646640
0.364035741687224
0.524017451129766
0.545607049336082
0.534231331728761
0.534865518677275
0.674841430513353
0.681078872246839
0.234187476292612
0.520439796638481
0.490095238957821
0.425163072077225
0.582120319814209
0.178026618759403
0.572712005571437
0.283718172123433
0.263595368186678
0.346979608624891
0.384483694019626
0.369731861480771
0.519402081662416
0.595915963268945
0.470154108164109
0.606130140759409
0.187797270896627
0.171025487076929
0.502888013979797
0.384861833060380
0.365157993968406
0.248271705532989
0.504238320931689
0.410835184396263
0.481300300523651
0.390758871786193
0.217100597630231
0.385665907545668
0.402043567943975
0.484720772137750
0.378596570905488
0.434648644963720
0.453716806165678
0.350073152784122
0.328288006468936
0.203012535367923
0.441741756932694
0.288986565076349
0.671605512919653
0.387281934868690
0.467514929767309
0.413240124948533
0.201213841725262
0.452660770968445
0.433829595834007
0.156361245149157
0.212231382706298
0.443581659860967
0.252684146677333
0.211081103570484
0.462330226031273
0.486801778696016
0.530607478960171
0.232351775218511
0.295838018497582
0.541245963142552
0.445488675994755
0.495319194965973
0.662587194297982
0.442869485526476
0.469318199357996
0.347971416978906
0.237444775136661
0.368835532023875
0.251540062256606
0.282585771469505
0.296508111354843
0.509190265697651
0.370798019857719
0.247361240101802
0.438256127891672
0.375352802928701
0.291706092882858
0.309343918548148
0.305609685066967
0.137197163087202
0.459307850163579
0.222496541475880
0.419486066958496
0.372761800337613
0.365003550468545
0.584750608430266
0.417204707430746
0.583799510612729
0.338278792279288
0.205588936799575
0.554062820470062
0.143056879372130
0.433461224978375
0.461502195025474
0.269992174685629
0.422932283682513
0.358210528772513
0.371898122064460
0.550858507933037
0.344869237831010
0.218775110591472
0.219122117381178
0.288579639803059
0.147846396646120
0.409973579254860
0.162207000619429
0.537066840604278
0.640981057231647
0.424169836752036
0.140400260872619
0.483829290176537
0.296088928315253
0.631738585101663
0.439497742991687
0.457934350386783
0.309599585819191
0.390503598921523
0.210549053453683
0.364760987827164
0.487555887152096
0.375613967313472
0.281539557721981
0.282753397580935
0.386305697194276
0.341555585341827
0.322413294742591
0.529562145735289
0.114281701879444
