# collectivityArrayWhole
0.747179441657488
0.475090133129054
0.519881486776232
0.569303688943565
0.112329541343755
0.371505522968289
0.431734971369565
0.241116347548148
0.196565871267067
0.192079573664643
0.153502323171653
0.059681564030956
0.220846692180839
0.038997537155406
0.129804617505772
0.049534160494361
0.077268409812137
0.104594309051522
0.063328434882328
0.057241687351561
0.087423161934370
0.101317618630513
0.114319272481237
0.156703995769916
0.451848216996684
0.173654884134939
0.204694266284827
0.190421596104484
0.226856635079995
0.268402036880339
0.141397823976832
0.077845757768940
0.206373400689201
0.337324651914628
0.352736784279485
0.220302362544278
0.119872229203024
0.114672230183028
0.035802937708238
0.133497476008922
0.354362221358813
0.293404529921747
0.214437036069410
0.315753975704603
0.338232962651877
0.076459560968660
0.253483210426102
0.211244587779920
0.258342205150358
0.150370613154162
0.318453578096248
0.280874825919544
0.211297048385151
0.300458391745749
0.132837251879228
0.206733929480810
0.232184605660585
0.215286998201976
0.380458271571647
0.305773940706398
0.185375969400121
0.198106156727012
0.030503172292249
0.293575509963865
0.213936233019917
0.227150415086782
0.213762222382847
0.167019951953255
0.123052631272835
0.237823907930872
0.279809808796082
0.200462844200524
0.228953967753344
0.168088135821913
0.218847124411538
0.162558097411975
0.302220822578787
0.213403728853917
0.152982413278078
0.305273590513407
0.134681819956302
0.249749304842786
0.182228739426497
0.256243303577220
0.253808730928307
0.310127426834650
0.244795130155109
0.118159953755283
0.244832665579375
0.253250933714397
0.498777982690824
0.353547444917273
0.245024707687506
0.174342756597128
0.278242207851403
0.155540581999256
0.290712226873211
0.151562046279377
0.337606407799148
0.283407875583291
0.195634460283216
0.060004903446849
0.357808069583454
0.272970054559021
0.085893869182913
0.173864016010445
0.279867111472958
0.339022696507421
0.268582005738050
0.311222294887666
0.338783467675544
0.218867945883486
0.253218223525851
0.361275690954233
0.240797790753851
0.157980512372357
0.229234048512028
0.194830568997443
0.161935550440425
0.304288675835687
0.250487286530011
0.190442437857349
0.365430940331141
0.137642625108507
0.201781904705061
0.247396830257397
0.293895986859535
0.176244657043593
0.333101886942291
0.216771730567765
0.299490338644457
0.327929983296474
0.313000989956217
0.095843825647242
0.236346570992043
0.134996648114941
0.308357718433408
0.270836282956949
0.181021992572002
0.356463960634594
0.334316907934965
0.177539680198973
0.266548257991060
0.296458572963032
0.227539903887001
0.174765057707662
0.317738015276864
0.329289010704665
0.204627616903356
0.262721223231432
0.302940900042290
0.304124583772986
0.189426249325332
0.291339569255748
0.254712221415100
0.333503256298376
0.269034474526416
0.225800571496372
0.186042853563374
0.294069750739176
0.306781188749235
0.169196028164135
0.294015099488616
0.331680653218348
0.274083572397707
0.200592851508373
0.256317678481241
0.345464686380177
0.330946359882543
0.315007596701338
0.245639996802102
0.286529617099120
0.397771911607904
0.252180659602610
0.284605137124787
0.108473778509466
0.334250634594904
0.246067207820676
0.267290240153765
0.324198754145220
0.179824295536446
0.308167042017099
0.316962509884265
0.269387949678167
0.333002452347044
0.306757909520323
0.378736259434688
0.295834922400447
0.369862125949517
0.268052266459554
0.277725883837765
0.292819694787939
0.341995073209371
0.294628063942320
0.304269079054559
0.340504755174064
0.185605917379897
0.370752715918702
0.258269166718090
0.111654439310685
0.294129827347127
0.330661591154338
0.252486960946818
0.270451994721662
0.273895229304937
0.328834825147563
0.322225131621234
0.312233532081697
0.260566611313694
0.214245062477930
0.280195686247495
0.125753464090702
0.363814127574259
0.259366826726539
0.234521219287535
0.381715544022545
0.175583884190000
0.318271875339332
0.400444277024134
0.390040499233414
0.342963366981124
0.377226923102885
0.281913909815487
0.302015261644499
0.194019561524891
0.381285992639299
0.285422444191519
0.318122793275225
0.276422843091279
0.329125515240974
0.207765389443366
0.378408244544572
0.374802132862385
0.278539270234333
0.165363120158675
0.328279190512164
0.252837595265159
0.239845231215675
0.285240622084424
0.306797955515380
0.356099055271528
0.308805466406422
0.203961333770584
0.326644482187089
0.321328706862910
0.265784354789186
0.364189851643214
0.345797180526121
0.325944380581826
0.242904131864290
0.340116093624023
0.312896605042521
0.267068781355630
0.355486285488171
0.326050050910764
0.264858560180802
0.368860223833700
0.254189545146455
0.403076635431456
0.278579734211000
0.284844928986726
0.285946053435949
0.323933427722828
0.219174747851219
0.172320677583677
0.208988092516126
0.235512618476525
0.143689868892235
0.338385604247204
0.287839183316798
0.281818497297348
0.379085659582798
0.279581961400684
0.355816105463885
0.081476849541055
0.319119161826895
0.245302185515258
0.284839590027453
0.314424993999953
0.241135314062128
0.415369536880234
0.366423569545941
0.351308060185248
0.302159496043241
0.310882981679891
0.360443498524502
0.334507117372779
0.258589655124187
0.326436454340475
0.335809160870179
0.382883459719371
0.348540863292568
0.330647854566254
0.204686671794868
0.447023599385649
0.380241722643409
0.366483487307309
0.355928443296399
0.335447056717913
0.303740827386598
0.255789604846704
0.131515667169632
0.227514401495226
0.298972730027411
0.301884803010630
0.369012957088862
0.348008308268617
0.330506869396569
0.358888961557654
0.182738434467191
0.312148851833091
0.185854093697485
0.234664503702675
0.202712922931034
0.451897013887020
0.335433143455661
0.363116560670560
0.319516672941405
0.097097231518869
0.468312887288333
0.359714750714214
0.174546922708373
0.280694984909077
0.340136266318912
0.206694276991614
0.292938400305220
0.335565620196483
0.252561591789805
0.303692356511642
0.178520842927445
0.211219798466750
0.369471889731709
0.382432355783951
0.397468330215689
0.279612991186645
0.230114976863215
0.296464239851440
0.239253806812171
0.160091676916025
0.322082325065430
0.261580117969661
0.307389531252470
0.290723577751704
0.334501324314012
0.356335809117443
0.254486716964018
0.337211902290822
0.375940283477775
0.251935566724163
0.296633479015318
0.299926562212744
0.227459989473664
0.243402590975731
0.274349826096504
0.351605548495145
0.303472208447923
0.344939531159398
0.344742152966599
0.506602067730548
0.357061811750616
0.360420698397619
0.187508483223586
0.369681448663389
0.180556614721890
0.250178480618086
0.308632073234629
0.193945904128778
0.238117926415635
0.309013548158545
0.317966365973893
0.282217641292004
0.198230128388814
0.286038107197965
0.241542756785571
0.285562320397000
0.177314969965519
0.199592079075916
0.241337912113215
0.311212498473394
0.451261122412225
0.434119476881532
0.102331591839194
0.259049803666157
0.248933120451991
0.335874700414872
0.383817830133444
0.345778098080538
0.306837363793632
0.377861047614182
0.273198316139330
0.264965901173738
0.242450042641064
0.320182310112017
0.327236973615008
0.311180093980765
0.290753959673521
0.344751387584746
0.240489055741224
0.274687232341031
0.149937171075868
