# correlationArrayInterface
-0.341255554153004
0.144369490952894
0.115332445883799
0.196665392201843
-0.138840020458409
-0.258475667953689
0.131799090175950
-0.115630122523972
0.500464828940312
-0.224096013030572
-0.197841200811364
-0.211607756000087
-0.207923782797528
-0.408280191280307
0.020427658955573
-0.148557489092029
-0.212042425653424
-0.095916010631074
-0.216094724282660
0.007016108046625
-0.144280835255254
-0.241089505322063
-0.310159683257602
-0.066999131019648
-0.029668045189810
-0.081361783694510
0.240112104156615
0.184667800464352
0.057204052359306
0.154511328230678
-0.106354247127485
-0.096721717602589
0.109028420893608
-0.069315706317445
0.188782021355379
-0.066341573614989
-0.061672228963444
-0.236363983807171
-0.164825867562600
-0.133587660551147
-0.058898314017939
-0.228607151730705
-0.104347947138596
0.107626292482825
-0.193498377459278
0.039401536354798
-0.032628754009521
-0.173270001395460
0.049482709730542
0.000322964212441
-0.192145900274229
0.022869345362908
-0.217363268309871
0.017161735235086
-0.091393566890707
-0.165654318047337
-0.068590765673313
-0.001863054899787
-0.000881102139874
-0.119025622600982
-0.108204313697315
-0.216277732281521
-0.107094974052280
-0.062482936868228
-0.078682375402611
-0.146457004704334
0.096465029387321
-0.154791850256408
-0.109335468439094
-0.047940701043940
-0.083816275451340
-0.116992711106012
0.088810023848093
-0.138925508785001
-0.004407007175378
0.048487391780132
-0.005625103267010
-0.134728152184529
-0.172349865930046
0.048684020303003
-0.103917289832749
-0.073798471878663
-0.062953103685608
-0.012529257751645
-0.113077876947462
-0.214045747287743
-0.238811600519540
-0.183719523383752
-0.075441286452894
0.034631687621980
-0.015957734452419
-0.266686172354323
-0.100792799437547
-0.126901251963124
0.170649296232524
-0.050096227418114
-0.053177216228543
-0.140652589881005
-0.190084096786592
0.070042208076955
-0.072391560086936
-0.103062782053175
-0.028443982128402
0.193524554351462
-0.071346770957795
-0.035225985054647
0.118251496682458
-0.132236417125633
0.168712218687330
-0.080788716972864
0.045113481056012
-0.188544369346696
-0.033747619918381
-0.050323177670426
-0.094346618035199
0.039450784292649
-0.051475671425210
-0.060464969631019
-0.041973534044686
-0.043794473177016
0.073632079063246
-0.168372130918755
0.213882180546237
-0.123696824283093
-0.046369043856774
0.204919655180416
-0.172060499900732
-0.048574336386569
0.188969941121797
-0.014028308727205
-0.115848930590235
0.480345457993183
0.438033950329871
0.276544294594784
0.420802148422816
0.357714485720440
0.246981378914672
0.496142552932713
0.461992602698623
0.053767152060384
-0.128259406059082
0.065256966253383
-0.215877633276729
0.067775794134396
0.021575135861410
-0.207378876937225
0.593189874150439
0.477851929123743
-0.030718549040333
0.257599895673930
-0.061733528643779
0.378765560870578
-0.019278567534827
-0.180010752956495
-0.063969549373175
-0.102964632624052
-0.192716698981649
0.520143012852543
-0.179752098979664
-0.035155596239208
0.117521291532965
-0.109703510155684
-0.082475796290312
0.333422605507219
0.286240463975663
-0.105866411008054
-0.100547413188716
0.039877228668726
-0.013627748488963
-0.071634440588182
-0.098193750390092
-0.098487662639294
-0.168383997466753
0.647021390376336
0.066761415281372
0.104397767934889
0.074233051917151
-0.097683819145420
-0.123579243373134
0.172090109694799
-0.159701317003457
0.028448193657346
-0.069519696571794
-0.096694724339671
0.001806058794672
-0.010025957895079
-0.087337167768461
0.495172416659486
0.111095976284584
0.006321902283118
0.313549528619246
0.526570723591032
-0.006088646042084
0.470527727797810
0.143136793734146
-0.188982557578653
-0.133011259947717
-0.067661607926360
-0.014777911447809
0.042520288412839
-0.016500344865187
-0.063319008385603
0.082094192929313
-0.195335835647842
-0.180565533759398
-0.005557519003114
-0.221066911259235
0.142376038145309
0.120933949991158
-0.094433211661983
-0.148667709517593
-0.006209325379246
0.098325704221439
0.059355578136286
-0.076114508526458
0.331884749644657
0.393850684733558
0.011012397574093
-0.112018303428193
-0.053541702392984
0.226723213285958
0.197650930334575
0.780734610703830
0.123054422824757
-0.089356078170855
0.572713026784571
0.500938936941685
0.034715251716206
-0.104846148260523
0.350807767341242
0.074279668393976
0.060362107787921
-0.073405667319439
-0.174374361678814
0.087006356020672
0.015257088394411
-0.108506587062582
-0.070124703564763
-0.107022498380351
0.000258193681900
0.255661583834768
-0.131233760321159
0.022966979090593
-0.086412855074304
-0.053327455791255
0.016059019445116
0.062142800851341
0.351391791577649
-0.193918506369820
0.020354187633572
0.312554259303714
-0.078280039509845
-0.207877152648374
0.273234973705461
0.233513615316184
0.156730642978762
-0.136072596040917
0.289520423241436
0.122469059801417
-0.218903422018357
-0.071083338888718
-0.071654155177496
-0.065293626725058
-0.083640903567451
-0.105763278956277
-0.098886622551892
-0.164843353185022
-0.162294072317025
0.403544668952008
0.057396572707211
0.059682100468464
-0.012244989416737
0.117217566010100
0.177642761770002
0.224947966795345
0.125799910717595
0.205090330304837
0.106153442806228
-0.245115830275884
0.577351849594955
0.226146496816301
-0.075940471875452
-0.087395117517420
0.003977700781813
-0.173866939102752
0.172421515502623
0.639995134453885
0.492223452995188
0.248398570650493
0.232140352515728
0.479945931491693
0.081186612830901
0.066081936532346
-0.124992058612273
-0.212167154971710
-0.198830178083910
0.715842619949645
-0.054493184357458
0.091203001853523
-0.086764436708057
-0.160312444388357
0.210561085909908
0.003213449052223
0.079980886178769
0.178672629042527
-0.153772343583060
0.126250004473850
-0.033205899225785
0.197435470931492
-0.102887713096431
0.545780149756930
-0.160261816650630
-0.149626469295958
0.135918257235320
0.184296581662055
-0.056639287803160
0.105634057352782
0.517132432948363
0.076398395740985
0.315953742873183
0.185157656860810
-0.132407232070202
0.056911749235981
0.476325774362712
0.176237960832022
0.680601633166827
-0.139230633972350
0.426232527737841
0.331073898950565
-0.225151088615910
-0.004964892071015
0.115122843347949
0.292415933513767
-0.128698103563470
0.104350809866185
0.021034610361962
-0.079080992053946
0.558415994136411
-0.210502762164535
-0.108609945161004
0.245595993921912
-0.179172607570152
-0.020625816168037
-0.083273791384627
0.388021361624795
0.110784525296672
0.093954297268708
-0.180043305554029
-0.121679473108820
-0.121249342393779
0.308942542936135
0.013951805058233
0.158502354837687
-0.150809619700677
-0.086884330442309
0.556236658096535
0.020298849092759
0.520607835478195
-0.127951193221796
0.328505523922452
0.065881790858657
-0.167048626296732
0.162635334098036
0.087883057932507
-0.086444401667107
0.306520351478741
0.076024878858823
-0.026866277862157
-0.022340971735608
0.087714170574195
0.204598368453690
0.202896278304028
-0.104114075664066
0.042331732772346
-0.083324648681634
-0.087558557923593
0.118502560523602
0.002161616031629
0.076094531980780
0.376319937767545
-0.024487643471607
-0.112270759680126
0.140312768597929
0.249365495869103
-0.160097953814523
0.395117621172405
-0.007337020015396
-0.192446822911630
0.111905296936822
0.185632632314533
-0.112259101425758
0.099082068656538
-0.063255325733523
-0.025757607324806
0.008622962510020
-0.185303896349375
0.659911071531550
0.007854849176016
-0.192463262608390
-0.006786132416508
