# correlationArrayWhole
0.063754089137698
0.386309350932904
-0.053400899455487
0.276458485762050
0.424977008528166
0.235903555096024
0.670995547339851
0.440516736362014
0.562196702467148
0.187616589871375
0.130818314378049
0.173030209762262
0.244759795512071
0.518034928503203
0.225709533011196
0.025267273165898
0.221409123047610
0.142604134550989
0.204541674929551
0.222054587094148
0.114319149314019
0.063964410119663
0.252355501400598
0.101726945858648
0.231949981140709
0.212318460385246
0.560914453446023
0.706078811366018
0.476086655497730
0.648884167041715
0.335388641944117
0.168581377886758
0.192965257152596
0.457550676103212
0.470227285720923
0.267933364088238
0.308133951293724
0.146538454340867
0.096818739658968
0.148553513013924
0.256288006787097
0.226301856438270
0.213983078961824
0.291930050490863
0.280587548707228
0.206027378642641
0.188568833404411
0.081375861501349
0.482566174525989
0.422115697114615
0.072751976775654
0.264227932721180
0.177012268970965
0.229936017104663
0.179703326856976
0.259425547699720
0.184593113759467
0.364205743767803
0.257650804152749
0.112830273638947
0.135661095560283
0.129248442620459
0.239695859821926
0.248375786829215
0.290215526425945
0.237116127063118
0.494192716440415
0.096112554996200
0.135367021528228
0.130729848944722
0.141903859043839
0.110178510142815
0.172377883421059
0.147940023387195
0.294829202298915
0.128376071233163
0.414079322315859
0.179611879649170
0.088434115727855
0.369382911290427
0.179283437374482
0.141860522544044
0.181327749755861
0.118286537031205
0.384001608181861
0.190231946724193
0.207192989664320
0.104187502689647
0.038571587279794
0.212207922522144
0.554040529715952
0.297953424743150
0.155974009856938
0.127145000493234
0.350444896903568
0.134332557867487
0.211567989750475
0.237263615757510
0.336177409614622
0.361603940989850
0.192979219443609
0.253048878238031
0.296149168082895
0.240679552317542
0.240915475001398
0.112941648471321
0.261538007192332
0.201393050357663
0.070461511236971
0.221252049343172
0.313441901448632
0.100574425038183
0.210125614698110
0.186681839700400
0.224201294200101
0.025465317080033
0.292040940874127
0.122488947027032
0.350096560345386
0.057619879373080
0.003186909524846
0.200026408089791
0.285437017833449
0.190448162605121
0.126415464249030
0.171443898022750
0.077238684361492
0.098081551260030
0.178487521189651
0.185098644786304
0.497322388942209
0.057245317291576
0.233499761870547
0.158567256963312
0.207493691628262
0.219424220470088
0.157392981354260
0.169534998772313
0.105153643826631
0.123945838228834
0.163671925441922
0.273027591689871
0.153786187286708
0.145417732528740
0.146933023345442
0.297734947827066
0.227857702105414
0.168671764966970
0.222226169627954
0.141565096797247
0.475708415080024
0.144989151059055
0.134027709704522
-0.025286754590705
0.145567601842438
0.171808782687131
0.094802706267068
0.099635465587028
0.068285669480386
0.019498198917678
0.464352751164000
0.206822152344509
0.123853775956044
0.086058380933297
0.086373787748274
0.261316714723737
0.144543116836426
0.087754472562852
0.207782704826186
0.091030144974595
0.246889414812366
0.085872371785563
0.274532601153092
0.111657367546853
0.190116388855647
0.128220757455016
0.074292460064059
0.301596727941181
0.282322551019314
0.224337880612124
0.187548704647162
0.022324954037279
0.227403700908511
0.168756928014170
0.054465831232679
0.157433917807679
0.410115870498348
0.440620200632440
0.107058013540452
0.065269219050313
0.155174739627668
0.291036340464216
0.090623994345283
0.106918017981897
0.061564342068647
0.025753577592538
0.315450236904112
0.138283368990919
0.219919912486208
0.368453187152090
0.061787248580114
0.064042045027775
0.084788232574128
0.394078072519326
0.116997512233123
0.110189725189486
0.155745159235518
0.224381344184342
0.113104835358972
0.036444454481817
0.279548175931626
0.243225148648776
0.175761045277388
0.160072072035020
0.154234743787230
0.113090978795312
0.199047668784993
0.119147314288694
0.293029099732962
0.170246957524761
0.009093546345640
0.106305992729829
0.324033506263339
0.283228328800753
0.331304591331078
0.129127866240886
0.201076710408965
0.186269874487434
0.056813697453756
0.141631223607390
0.283045183369574
0.098357947866154
0.180604439621081
0.455891305874280
0.505511428896821
0.024679230970234
0.175843089971037
0.223187661242394
0.148793869932624
0.143358825903086
0.091700777567045
0.244595490874940
0.190432334648275
0.069067053845013
0.317854009113187
-0.003413162249839
0.163461355011445
0.204898233118679
0.118635586441556
0.243443190270443
0.213810023049992
0.105403098498635
0.246788471710554
0.087335624380004
0.177947971419791
0.093289636600832
0.123560989350352
0.068331254675682
0.164134799264343
0.259032723356330
0.163114633034327
0.187136470296626
0.081329301525908
0.327879069689821
0.282866272946778
0.267731301352756
0.117587263047863
0.200764965239087
0.368742461933545
0.192849069513505
0.161018360896430
0.100794043447712
-0.016013234712788
0.091016364586206
0.116501915599137
0.134008026071059
0.046350119182265
0.168747473959316
0.173311953938452
0.292888331296457
0.099777710341187
0.182885915497991
0.078548841047382
0.103313602028026
0.162912901413126
0.187729072955934
0.241660831322197
0.454530562836881
0.189254706015239
0.141455834803158
0.355218369082747
0.107495806227873
0.158488022462059
0.219476947307906
0.152044221383611
0.035632692506850
0.285331824806823
0.185911995128098
0.111684430780081
0.300617604609507
0.139624611860271
0.166267591356201
0.283725383088896
0.107443057281000
0.297844754518271
0.365070714696166
0.202296086003192
0.125008908038748
0.260592895102152
0.078158202673593
0.169276544910064
0.269937133300768
0.225548491208186
0.266090168695792
0.313059794782454
0.069653614863655
0.065184467137099
0.176383915288837
0.488888305152542
0.327271486097936
0.255026830187671
0.078947132774198
0.168971789504102
0.212384581652787
0.137204338634554
0.350292102202285
0.171992510440904
0.390753292321882
0.101913759882964
0.231965328425197
0.297933561930444
0.097174930158794
0.195997815777188
0.162757047230679
0.076450081326044
0.363770284357390
0.169007547304464
0.463136307153695
0.221649194694846
0.065925985706916
0.233431827144429
0.331942709228865
0.396386883246461
0.462453051571778
0.167906679881605
0.154939747725504
0.269732792368093
0.157621459557937
0.144495646100982
0.056606272445113
0.335933576617685
0.246955925733235
0.042520030361579
0.343326520974566
0.180026956191162
0.517021740159441
0.149837025136831
0.348328691165640
0.379613451632560
0.134314127642979
0.078751650607554
0.191359018723190
0.020608106908703
0.387415476536029
0.222233335751736
0.276275930253512
0.124770237635649
0.104405093944065
0.344775875780207
0.084262437199952
0.238302043778464
0.325156134510387
0.183695939289814
0.177793386908715
0.109702202511303
0.181653676728920
0.289933790565253
0.256541983686791
0.216273680903164
0.282256952402146
0.239162803991184
0.258840786022367
0.167555907966461
0.200835769433673
0.278377551115042
0.209535032991436
0.102081289747569
0.330301410606382
0.104678697001343
0.223422574855581
0.266576471477252
0.346774290552354
0.260151435026283
0.181609173536758
0.117518630665163
0.300057767126897
0.181082280980215
0.218447942501801
0.337325009034570
0.444014237388949
