# cumulOverlapWholePrody
0.001887405733304
0.032127195889856
0.032639138002375
0.071394426475503
0.214703360426430
0.300731316462798
0.304694556915618
0.420163589424475
0.420196646411658
0.477844660299699
0.564639567183696
0.590311424589227
0.628760768621713
0.665294179753084
0.666094468135355
0.668853936020891
0.670415754111809
0.673136846628566
0.675981309203352
0.677373067946277
0.677438240624529
0.696569861622434
0.707571651582260
0.707670544798568
0.756715840978586
0.759594289421077
0.761422271975672
0.762311386563948
0.774008153372046
0.794025227962004
0.813264089667230
0.816554732501377
0.816607826697519
0.816692391257139
0.853296642788413
0.853606176183959
0.853626238737475
0.854681962983993
0.856162760297556
0.856163027631512
0.857822837650118
0.867802026575261
0.868012728995856
0.868627858750133
0.877207474067071
0.878260747996281
0.881740158788871
0.881757838336822
0.884956594699791
0.888256750709793
0.888380837393314
0.888613969824010
0.888690481853294
0.888855903351060
0.889236212597657
0.889278641494757
0.890117579392949
0.890162029302523
0.890313339591141
0.890465409754000
0.890845378295708
0.891727052886307
0.891752808872543
0.893114414577419
0.893571140541803
0.899355692610586
0.931994777100921
0.933835776328623
0.933934042514700
0.934421249376573
0.938432594748985
0.939517183482838
0.941529143729261
0.941728615694725
0.945271405522354
0.948007377545475
0.948094493214051
0.948103918658201
0.948264296861866
0.948326341216958
0.948856992102726
0.950501762457830
0.951445132283729
0.951445701306799
0.954081306239344
0.955156506743478
0.955570425525904
0.955767284773764
0.955930734077576
0.957235697368401
0.967502089611554
0.968816321286832
0.968825767019945
0.969784092580604
0.975827661742052
0.975863862175671
0.977356870556306
0.978244853315192
0.980185455094734
0.982793712327358
0.982992677176752
0.983677917669968
0.988719571610898
0.992919872843282
0.992965476269900
0.993753477695582
0.994137112217385
0.994210834171320
0.994370938451761
0.998242291071363
0.998258274351393
0.998353683095957
1.002971311886288
1.003009808022254
1.004161389684635
1.004291155407375
1.005060418435088
1.006014065331925
1.008017936989656
1.008544206882750
1.008831664301087
1.009940035478011
1.009961955402183
1.010029721492571
1.010095530989745
1.010269255501853
1.010364292469935
1.010532297946100
1.010840655954072
1.011157757368964
1.011163656538936
1.011349471084873
1.011654077294282
1.011986201234508
1.018291216787833
1.022295856431187
1.024205745687608
1.024523835514993
1.024527467490069
1.024602887906638
1.024953788122425
1.031238692035382
1.031256781014558
1.031677437303519
1.031911504285768
1.032434183968876
1.032731651219101
1.033668274156206
1.033668322806186
1.038125710491514
1.042091963415725
1.042698731198869
1.042778317033856
1.042800472275768
1.043436809953236
1.043616427063022
1.044172069435553
1.044765117906272
1.044887120844867
1.045046199158057
1.045134887133973
1.045224714689702
1.045436631988454
1.045471225035455
1.045569881083817
1.047855247743631
1.047887530015149
1.048554618503794
1.049187262222950
1.049218616334188
1.049230027953712
1.049623518906342
1.049890155137291
1.049891489663600
1.049928874845615
1.050114637289046
1.050381298663010
1.050654868359116
1.051237398652748
1.051291534956140
1.053030786928485
1.053036360532581
1.053136558683061
1.053228897162462
1.053260960569686
1.053261305830144
1.058015347017111
1.060457240564180
1.060494703438720
1.060528277077682
1.061714121961435
1.064531681286505
1.064562426094326
1.064758986384398
1.065765122234538
1.065995178268879
1.069952258083843
1.070179510175419
1.070338017191972
1.078546925592393
1.078549486229150
1.078573152080406
1.078574940950439
1.086166851540909
1.088170542987536
1.088632589665980
1.088777351715269
1.088854670103630
1.088860883542120
1.090489658418632
1.090539763648247
1.091131624409673
1.091456733367297
1.092797964983864
1.093071860311217
1.093533587553521
1.093694346559900
1.093945550813891
1.096582645231388
1.096722567545794
1.096763695320546
1.096988539839709
1.100722923176072
1.101327951344117
1.102105689745602
1.102201325999677
1.103110333007081
1.103361016148285
1.103381768166076
1.103391443604521
1.103466045419640
1.103466048440585
1.103599941848011
1.104084583618956
1.106298178065799
1.106332068620620
1.106536452674388
1.106546275459130
1.106810248009449
1.107141393912233
1.108141637664648
1.108501242022766
1.108582218910839
1.108793346144234
1.112144886551839
1.112150214655637
1.112151191916851
1.112233444026294
1.113464027131613
1.118066530310033
1.118120474442647
1.118281772733599
1.136459708364590
1.136660992253195
1.136675404130513
1.136766341398344
1.136845496245104
1.138272727333162
1.138279816914169
1.141521038421570
1.141634606424290
1.142137596238248
1.142206960250943
1.144800322774446
1.144806424531840
1.144968826044111
1.145361581161356
1.146115244268401
1.146119560004316
1.146123222174495
1.146200953124711
1.147423738869608
1.147513890788072
1.147522359039021
1.148186925643364
1.149417234177025
1.149487779416676
1.149588324250699
1.149940841982555
1.153567291313421
1.153630915748403
1.155923254373484
1.156033766711783
1.156168746587741
1.156259712629701
1.156272469687981
1.163347400262824
1.167900841098608
1.168215574308574
1.168742488152666
1.168840453343173
1.168841903129479
1.169045975557089
1.169573136039140
1.169577284864356
1.169673288483059
1.169816002527676
1.169819441037854
1.169837159726066
1.171278220369051
1.171591442474712
1.171852896925490
1.177517833089684
1.178388587222022
1.180750724136444
1.181919822268798
1.182683367513225
1.182751641469229
1.182970426594578
1.183031225577199
1.184590378524625
1.186195339099965
1.186924220430797
1.190950218830554
1.244959849364636
1.245010648695336
1.245605208463837
1.245605397000020
1.252643525880468
1.256506824739889
1.256671414944674
1.256681783707950
1.257110951445992
1.257699175844055
1.260416709336502
1.264461812522777
1.264513239315015
1.266218032569234
1.266348310643121
1.266365325908232
1.266946315950572
1.266990671571388
1.267027133096153
1.267149806161308
1.267275389491802
1.267506842445136
1.267507233283747
1.269286889723186
1.269331456564576
1.269379372068504
1.273872565651432
1.276931679668936
1.276935677517626
1.279272139897475
1.281022510164495
1.281518433417327
1.281629319073731
1.281651122574774
1.281735871025060
1.281937697100311
1.286112154614738
1.286903364495769
1.287149441918630
1.287873019639029
1.288177660061105
1.293497554133607
1.294375899643993
1.294684513319072
1.295546381957002
1.295565150638019
1.295851835662119
1.296081425931189
1.296107963778619
1.296129674257583
1.296938992714567
1.300608368972003
1.300720415410615
1.300897067829837
1.301829414838778
1.302385451107507
1.302420237944420
1.302585614187164
1.302616773661586
1.302698611434036
1.302726819817611
1.303032583570836
1.303039148447906
1.304388916669551
1.304403179723931
1.304403692541035
1.304753213943297
1.304813921007838
1.304906460437082
1.308246328701059
1.308334707625077
1.310548241485664
1.310897380450497
1.314737033096234
1.314737106343831
1.314926476822304
1.315802481191496
1.328868519949794
1.328951144354263
1.329618555810047
1.329618606713910
1.330456494019321
1.330477147287974
1.331015554402235
1.331272987504053
1.331300794773294
