# cumulOverlapInterfacePrody
0.040692904309857
0.054512835589178
0.066256373561519
0.081071273839644
0.082400654323048
0.107420952618338
0.108522990755204
0.366299926650307
0.367447704234644
0.390076730223767
0.426594972386602
0.450022064974541
0.460547323382755
0.516244397149484
0.517447694519230
0.536405262743066
0.541521839490642
0.596334116361869
0.634132271087960
0.696402328751617
0.717694714019896
0.735371023125655
0.741525197998425
0.743096498108924
0.744425240570279
0.746909003477205
0.755494682867697
0.755541012724724
0.761814521867780
0.762818280538613
0.772871537157092
0.772915315891210
0.785412472431108
0.785898413728612
0.789105488459968
0.792305701206497
0.792307840569394
0.801660642304183
0.801936422429007
0.802838439429201
0.806090060761004
0.848701860970371
0.849696580913746
0.861855443496667
0.862195481204106
0.862243560473399
0.890928841246153
0.891025426574288
0.891422182468818
0.902525450192637
0.902543803971372
0.904878585825455
0.905848209079370
0.928347984170664
0.960405864303331
0.960530327641551
0.962772709260458
0.975535456499514
0.983186036481129
0.990700303821429
0.999786561141930
1.004852578646340
1.005164344531312
1.010938329295656
1.011953904891125
1.016648004613920
1.047414599662837
1.052929387285972
1.061166857036827
1.061507868872102
1.063119036747344
1.076087991280219
1.076525568835234
1.082685833554637
1.088569847094998
1.110745473652040
1.112841882194918
1.117768679538119
1.117782469176944
1.123424330151040
1.124403094600073
1.126198743008431
1.126332933705849
1.146288225387597
1.155747013189173
1.158794011301387
1.160820454249836
1.162346807503502
1.162347968150764
1.164210207606963
1.164213833206472
1.164619309154715
1.178524250393658
1.181521650026129
1.194042013152842
1.194054372935463
1.203718253703302
1.223319327591850
1.224543030434033
1.227469990359038
1.229031749193674
1.244483201577288
1.256602491188953
1.256832085150994
1.261085090419135
1.267718615820747
1.271680610625327
1.274621853168315
1.276716448878784
1.277072259860004
1.277184256460095
1.279392460863521
1.282122932046021
1.282214622586376
1.289603425063885
1.294986367090337
1.300674749247805
1.306949277155318
1.306965892861070
1.307094846077970
1.307991876950511
1.308419668073897
1.311139782487205
1.315912139330399
1.319580583624296
1.335913400691093
1.337315355104495
1.341392453941760
1.342334984045841
1.351338358337849
1.359601096771177
1.377484022829209
1.395602960006962
1.399440491769354
1.406188596852758
1.420040417057136
1.430511825858327
1.463672030300891
1.476512713541249
1.477873818869066
1.480188474195977
1.481642048686819
1.481650739092671
1.491070805564026
1.494148687823992
1.497511024287912
1.520001524071799
1.535583509443110
1.543642105415728
1.551819304866155
1.557453406853835
1.560248897452050
1.562059984351600
1.570189098193066
1.572502107395661
1.574024939103403
1.574220685456452
1.582697341344867
1.583015613579138
1.586055188536545
1.594181486481879
1.594322442626089
1.596716811004338
1.603896610249148
1.612701927518033
1.615216319342525
1.615285310487629
1.616554222516510
1.619014706536541
1.628248939614442
1.629357892583698
1.631157079019159
1.633887769553899
1.674404841564116
1.674882567636860
1.682712155570481
1.683663105952903
1.683971679163681
1.688562038530731
1.689183745783368
1.689282752921746
1.690511248921135
1.691149554771274
1.691188164201887
1.693111670569799
1.693119160949326
1.693141193788625
1.729513633404812
1.734984618683298
1.736137104478483
1.751257320215670
1.758366136119822
1.764701553671363
1.782411870241497
1.813885381904669
1.813922078768216
1.813923603580363
1.815102397129938
1.815509276856196
1.819127735811137
1.821172186006970
1.821255118333140
1.821792795021512
1.821897657323314
1.821975782687475
1.821977295373171
1.822103968077115
1.823703580236590
1.833830895717865
1.834715747696265
1.834724439316130
1.834827652824909
1.838740703252130
1.843089824097932
1.843107452604008
1.851518325334026
1.851523970553060
1.852761432421436
1.856890968158135
1.858026641391139
1.868182406139405
1.874285704595935
1.927054077171488
1.948003452838645
1.948003453263980
1.969871872012136
1.983224665928381
1.983499025169308
1.984356067486559
1.989762990583059
1.990166327538988
1.990260802338471
1.991245248771363
1.991513756349255
1.995990980968927
1.996713310136040
1.997423372954039
2.000851682399805
2.002785089114770
2.006805929571930
2.009639196150992
2.009812928975550
2.009867812639255
2.010658894251386
2.010850774144741
2.012413814296634
2.012782381690229
2.016261719133249
2.016375502350487
2.016715246606929
2.019000249949445
2.019020706891488
2.031064909290668
2.034842428272431
2.062665326562399
2.065422989691288
2.066257252136062
2.066357504773509
2.066359962372112
2.067214134253647
2.071266731321007
2.071669486304338
2.071771156585909
2.072384939991659
2.073529983504841
2.073878896359248
2.073948952077817
2.075210071376308
2.095484399208863
2.095506873773205
2.101718455960825
2.102093466084442
2.103313396942581
2.105289263128405
2.108205542361103
2.110399603167023
2.111007718801252
2.116432331781574
2.116799955934028
2.147554670128446
2.160953264945266
2.165435145017650
2.174923163137152
2.175958814768979
2.176192998537311
2.179899033213735
2.198637410673613
2.217296000948834
2.217529498974821
2.232211549940229
2.232672446617151
2.232765559485735
2.239349558257668
2.241202001662926
2.245511627130861
2.245520784657340
2.276726031207161
2.276774672535053
2.279106855438980
2.285293186836684
2.286645218012922
2.294091414021066
2.294194082338413
2.299100010368228
2.312132195011402
2.313488763806455
2.326591107135055
2.328700221489251
2.331253922277499
2.331818614486065
2.369013891134049
2.379232385058282
2.381153500480723
2.390692232015516
2.399323685843695
2.399606581369616
2.400263416811729
2.408567724815393
2.408908909326597
2.419038438137243
2.423451179263425
2.423941881729276
2.424816969642494
2.432541199304982
2.433739231366643
2.452627045701541
2.455642955459026
2.470103751399971
2.471067020165901
2.471311315078388
2.478327944004371
2.479718308688647
2.482464923392570
2.485352047218839
2.485373372596071
2.487825146423376
2.488263723355548
2.514128154691834
2.514196432131252
2.522675745928597
2.532971555203275
2.533291882801189
2.538947311873860
2.542100880162145
2.545403376283605
2.545505069927925
2.545515058179821
2.546089526561218
2.546373851669658
2.546699597974387
2.556489840447100
2.556543191687194
2.565495566346179
2.568195514685149
2.568302460836820
2.582681670139891
2.582682753809927
2.594711640411455
2.595474589168165
2.600716504417727
2.601106957306103
2.603042334963495
2.604697114299432
2.604729998282413
2.606807431692972
2.613922611752908
2.614065557645924
2.621786137398723
2.625978285175003
2.627350565092410
2.629619670485080
2.641479387607570
2.641785443454322
2.642049655665737
2.642153625318665
2.642848991964224
2.644074839782661
2.647267459753863
2.650190597081188
2.651551156239390
2.651553852209624
2.651766040992703
2.655270417235795
2.660543033287883
2.661279283469339
2.671213841844669
2.678412122307021
2.678446852579878
2.678910918470751
2.678949026425760
2.681655380606494
2.690067365229377
2.691630858810999
2.691874831976461
2.693559477873321
2.695253101823320
2.701207483624255
2.701635135589365
2.702655017019638
2.702754304790355
