# overlapTApproxInterface
0.040692904309857
0.041091246327245
0.081786260309122
0.083302266023548
0.084411775882607
0.216008292378844
0.220835371310724
0.481739754386278
0.574817403190694
0.576371436535274
0.585027205003292
0.599848837055965
0.616772786796642
0.682403373732485
0.693794676640301
0.713819488019692
0.714184431297424
0.722775488972774
0.726358214288464
0.729673808491464
0.823321957264653
0.858549182129187
0.888898959535406
0.899501353355857
0.915755643578347
0.929028565089682
0.932154001836553
0.932154002473269
0.932154002769912
0.932154002958078
0.932154003071851
0.932154003151524
0.932154003206909
0.932154003274040
0.932154003283426
0.932154003283723
0.932154003284034
0.932154003284314
0.932154003284689
0.932154003284994
0.932154003285295
0.932154003285575
0.932154003285841
0.932154003286065
0.932154003286280
0.932154003286497
0.932154003286759
0.932154003287020
0.932154003287256
0.932154003287479
0.932154003287685
0.932154003287908
0.932154003288103
0.932154003288318
0.932154003288502
0.932154003288715
0.932154003288893
0.932154003289100
