# overlapTApproxWhole
0.001887405733304
0.034802668904563
0.063510501491343
0.075483678898352
0.210278905026573
0.375834788553573
0.377398172037117
0.472083276913959
0.473406038951803
0.563446102696192
0.576206796965298
0.581659251621493
0.587891162033573
0.629078528388658
0.632188822284439
0.632903001488785
0.633570462329055
0.634631693742595
0.636788520495764
0.643525053004621
0.705902043540575
0.721324360177929
0.748391305768204
0.779077940241007
0.797955654203734
0.809420406704897
0.815430623907412
0.832983686362220
0.850532060795104
0.856742726538307
0.863076496017974
0.867220728790052
0.872212979971406
0.876637999770905
0.884399262374891
0.887622944016620
0.888347558200338
0.894489134634087
0.898800256164896
0.903494567318906
0.906634398615578
0.910219754049532
0.913272455987685
0.916115614300201
0.918964814269984
0.922344904848121
0.925005424913520
0.926761849477199
0.927805369820196
0.928383580102549
0.930696966782336
0.931625386357801
0.934019976026790
0.935468767618469
0.936563969229398
0.937642176709408
0.938761763876397
0.939225448233377
