# overlapArrayInterface
0.040692904309857
0.036273086204535
-0.037659763588620
-0.046718779997545
0.014741654957426
0.068915841637208
0.015426550522488
0.349854822378606
0.029020321901901
0.130927614026818
-0.172694571435990
-0.143305926250187
-0.097897794209422
-0.233247594871232
-0.035268101381158
0.141345284092508
-0.074265043909440
0.249736812848569
-0.215660285862010
-0.287841043382456
-0.173520889351756
0.160264902959984
0.095336654093428
0.048298925817688
-0.044458219671644
0.060861487635396
-0.113574452963907
-0.008366962874284
-0.097566099745414
-0.039119859346013
-0.124252500271345
0.008226335249811
-0.139551661799987
-0.027632677228279
0.071071479627881
0.071139667181353
-0.001841212485719
0.122098612571233
-0.021029507808767
0.038046474302885
0.072329981560648
0.265544088160313
-0.041102686067218
0.144258538285698
-0.024212441511400
0.009105480166606
-0.224254860786492
-0.013119094392462
0.026593168212495
-0.141133556774967
0.005755852820448
-0.064961042158837
0.041901346121880
-0.203147733980553
0.246067967184866
0.015462410257077
0.065671754792589
0.157283620224713
0.122414686389164
-0.121787970097216
-0.134484481811596
-0.100774684183041
-0.025033072221837
-0.107893216292922
-0.045325489355369
0.097583091061250
-0.252000353772365
-0.107624119153422
-0.131965161550338
0.026904594477044
-0.058507526158664
0.166563137226987
-0.030690965747727
0.115331321954942
-0.113029632506391
0.220842014195819
-0.068275526571635
-0.104832085685933
0.005552246654623
0.112448108814725
-0.046905155056847
0.063571138164663
-0.017385879231541
0.212957315234348
0.147561725503087
-0.083978581389924
-0.068560676607204
0.059548080647373
0.001642604829960
-0.065822552609559
0.002905500483603
0.030729234072766
-0.180502835185288
0.084107078861020
0.172461357102465
-0.005432895380078
0.152222826055176
-0.218111308650535
0.054730760316204
-0.084716845122159
-0.061939190292140
-0.195497822192454
-0.174101642307671
0.024022268891859
-0.103482921356337
0.129517889193085
0.100304967683234
-0.086540702180098
0.073102819804874
-0.030144088413564
0.016913546215611
0.075136169485087
0.083630998821419
-0.015333802399865
0.137850119920801
-0.117952096265081
0.121511778774783
-0.127912508090355
-0.006590299335091
-0.018360052871911
-0.048433599132495
0.033455606915537
0.084412685172248
0.111969769208083
-0.098326793098986
0.208258727230822
-0.061218827595940
0.104505294093822
0.050294074218050
-0.155731015927732
0.149665572614930
-0.221239894251363
-0.224154832271028
-0.103566732223517
0.137596075216832
-0.197859586972877
0.172769493385608
0.309793041181703
-0.194303836719222
0.063413178832901
-0.082745964517776
-0.065614337566267
-0.005074664223734
0.167341670098924
-0.095854859661907
-0.100294399333535
-0.260509818081314
-0.218201927794015
0.157525347606931
0.159098099746589
-0.132355428922809
0.093356882337189
0.075198222799373
-0.159569449995395
-0.085258862761834
-0.069221609022584
0.024824536239571
-0.163585169808055
-0.031742062554678
0.098145953805344
-0.160759294468090
0.021199981595390
0.087410087991290
-0.151590770909191
-0.168294891935764
0.090090239482616
0.014929032343203
0.064038426423850
-0.089224803982096
-0.173164630839993
0.060104349004340
-0.076591607304755
0.094423657329610
0.366117918102266
0.040000524002669
-0.162137543865736
-0.056579641588839
-0.032236033849921
-0.124423236341569
0.045825419274361
0.018289130655731
-0.064436506811152
-0.046460024474607
0.011427604012790
-0.080682849993686
-0.005036283758426
-0.008637646104240
0.352831838173858
0.137674321986764
-0.063248861486211
0.229630477206399
-0.157953369840535
-0.149399146172834
-0.250640183625191
-0.336434397037009
-0.011538160830755
0.002351974311906
0.065405446568904
0.038434649524370
0.114681231448065
-0.086269414557259
-0.017380304061028
-0.044258128492217
-0.019547014296002
-0.016872431344011
-0.002347798052549
-0.021485009356155
-0.076366734154268
0.192460399879118
0.056974737869340
0.005647422352088
-0.019461432297656
-0.119895196839463
0.126541399933811
-0.008061150729711
0.176281102796876
-0.004572142260640
-0.067704593165927
0.123770522172787
-0.064953310092571
-0.194531494852574
-0.151133715113025
0.447873323486201
0.284921104743099
-0.000040707591207
-0.292707598494137
0.229749610232841
0.032989502888877
-0.058314832788278
-0.146587025767358
0.040065603402215
-0.019392010080179
-0.062606544622385
0.032701696802963
0.133614948194350
0.053703321732664
0.053254933561774
0.117078282098084
-0.087981010555267
-0.126972145703693
-0.106675488006155
-0.026425570398244
0.014853107621743
0.056396495892060
-0.027778532112041
0.079300214964528
0.038516958221858
0.118399341212588
0.021420701132634
-0.037016474949194
0.096029284070415
0.009088760128995
0.220862063051363
0.123931602691702
0.337645585644364
0.106695252671018
0.058710353938370
-0.020354496528618
-0.003186935938132
0.059420390133192
0.129505194564358
0.040848356237052
0.020524735731210
-0.050434256640881
-0.068900311968474
-0.038040560861613
0.017046379686673
-0.072336605650159
0.290788629396111
0.009705189489264
0.161466436436810
-0.039704811151187
0.071626151671261
-0.091190107388921
-0.110850022094403
-0.096207464395730
-0.050666594428050
0.151433900339149
-0.039449187975316
-0.362145009282467
-0.240266418975070
-0.139249251344506
0.202932004062699
-0.067126731041413
0.031924963774315
0.127058365027119
0.286437896597831
0.287045453212770
0.032179543188634
-0.255599931265719
0.045363533778304
-0.020390923035268
0.171593707469610
-0.091104161206241
0.139054145288743
-0.006413013974037
0.375656527759326
-0.014882483690108
0.103078363451598
-0.168038362564058
-0.078621900633344
-0.184686390467210
0.021704182809278
0.150114523743028
-0.245141651975056
0.079214727484687
-0.246568285757115
-0.099088555162369
0.109087710445017
-0.051314722346423
0.418149214422767
-0.220272389835931
0.095630804354457
-0.213347967807823
-0.203334210676037
-0.036845568278931
-0.056149129399676
-0.199834969256344
0.040541933977704
0.221144368574966
-0.146180207578909
0.048771177225669
-0.065139007245594
0.193699122481019
0.076354174587752
0.303797266303646
-0.121667166437260
0.266889898618645
0.068990401298823
-0.034747631327741
0.186359282029263
0.083027058316854
-0.116744187987223
0.119761023460863
0.010295756149850
-0.110422633399676
0.046716140580392
0.359699904429999
0.018528926772842
0.206662090754164
0.228149031057538
-0.040284786179120
0.169368500628384
-0.126583697408691
-0.129620457778937
0.022753308172551
0.007130946041482
-0.054082953363415
-0.038051480946800
-0.040731435721466
-0.223520607520506
-0.016516254203191
-0.214136428427665
0.117731477129167
-0.023437762084934
0.272152675783481
-0.002365914337361
-0.249556186177538
0.062927308308471
-0.165039369039965
-0.045067360644346
0.100359325754976
-0.092831350456527
0.013088419022725
0.104051054667452
0.192734102595872
-0.027337143917176
-0.201056734742763
0.148321960459441
0.084906052085585
-0.109218219682676
-0.250027485996236
-0.040211616374986
0.037363802754708
-0.023439214601280
-0.060621898203097
0.080504434942366
-0.129974017018664
0.124439533050697
-0.084931344607860
-0.003781139147710
-0.033545565942670
0.136373943572210
0.167416377123445
0.062595468257597
0.230165080408561
0.196234828862376
0.013639837750183
-0.049861478184571
-0.014289054752712
-0.120447889762475
0.212571985775074
-0.091729224522574
-0.036241287569122
-0.095249933400996
0.095533355677636
-0.179255646213601
-0.048068037855574
0.074241061215827
0.023166593219022
