# RMSDReductionsInterface
1.267755173460927
1.267734488535725
1.264555487354926
1.264396168295221
1.264277701046292
1.238851551868377
1.237480695162716
1.111872991975114
1.038240842287695
1.036852937391187
1.029019108915365
1.015188718761540
0.998729624468582
0.927466585316861
0.913759734150814
0.888582657764312
0.888110450261957
0.876850232562016
0.872071175582963
0.867603776812329
0.720142160106591
0.650556509639307
0.581244281439726
0.554364200384886
0.509724761813877
0.469468425457321
0.459386526942073
0.459386524856828
0.459386523894223
0.459386523273001
0.459386522900593
0.459386522640289
0.459386522460295
0.459386522239748
0.459386522209193
0.459386522208134
0.459386522207147
0.459386522206190
0.459386522205003
0.459386522203959
0.459386522203007
0.459386522202059
0.459386522201214
0.459386522200460
0.459386522199772
0.459386522199051
0.459386522198209
0.459386522197356
0.459386522196585
0.459386522195869
0.459386522195181
0.459386522194485
0.459386522193811
0.459386522193158
0.459386522192505
0.459386522191872
0.459386522191227
0.459386522190615
