# singleModeOverlapsFromSuperset
-0.001887405733304
0.032071707396755
-0.005758177992466
-0.063496856632655
-0.202485478112964
0.210574907629200
0.048984163895662
0.289307222281182
-0.005270652478146
-0.227530872018132
-0.300802794954529
-0.172190990389078
-0.216500637775513
0.217431003896780
0.032641918865057
0.060693881488309
-0.045735059097658
0.060464294651843
-0.061947688441362
0.043399801689342
-0.009396631391334
0.162132668701405
0.124290265114174
0.011830378381718
-0.267994895496960
0.066065274790784
0.052729420056402
0.036807252335019
-0.134052121957677
0.177165011087708
0.175847709402642
0.073233541687723
0.009311898477229
-0.011752417353833
0.247242186239872
-0.022985722207994
-0.005852473125882
-0.042467662863439
0.050333033587891
-0.000676581722211
0.053337518792529
0.131226279890991
-0.019124339745532
0.032684236231071
-0.122387072692704
-0.042999871067913
-0.078254496037195
-0.005583712689873
0.075175055930972
0.076497586098314
0.014847796675825
-0.020353749500783
-0.011661267952200
0.017147722454880
-0.026004324121113
-0.008686795941821
-0.038636807911662
0.008895688147859
-0.016413538373662
0.016456102650058
-0.026016188469190
-0.039644026264681
0.006777557286514
-0.049297924843702
0.028566163256777
0.101839474772256
0.244486405986772
0.058608809985246
-0.013547642472669
0.030170772589150
-0.086675622875390
0.045130955808752
-0.061519024960017
-0.019381876244247
-0.081763344353710
0.071971923570528
-0.012852244246046
-0.004227589411022
-0.017439499072276
0.010847706808944
-0.031729198166530
0.055892834721536
0.042358462093904
0.001040571373974
0.070867597533607
0.045307984495360
-0.028122691289310
-0.019397538608171
0.017676699643326
-0.049966108136182
0.140570669367242
-0.050445723198564
-0.004278136280408
0.043102428940859
-0.108436337076529
-0.008405479133110
-0.054001619634950
0.041671820383150
0.061648465849605
-0.071553858113449
0.019776814529308
-0.036710248274920
-0.099720336817094
-0.091233122278489
-0.009516468714255
0.039566872104762
-0.027615637886139
0.012107224938412
-0.017843218706417
0.087829997415272
-0.005648949249032
0.013801965086198
0.096132075373621
-0.008787634604284
-0.048077245600575
-0.016143986375800
0.039315644156415
-0.043793320732196
0.063528431801952
-0.032576923486934
0.024081313497126
-0.047302731050379
0.006654028740171
-0.011699869168441
-0.011530109587290
0.018734644026862
0.013857665243639
-0.018426114456193
-0.024966107774991
-0.025321503860840
-0.003453985778744
-0.019385880389117
0.024823767693313
-0.025924879612181
0.113141198058861
-0.090398096711874
0.062518728578995
0.025528024577768
-0.002728021858923
0.012431663806920
-0.026817715784251
-0.113679251248133
0.006108063331655
-0.029458211973044
-0.021977671308868
0.032848006791303
0.024785463527093
-0.043993608255484
-0.000317137014019
-0.096097810643930
-0.090833195650767
0.035566611141508
-0.012883106466549
0.006797536509978
0.036435578584943
-0.019361572002387
0.034059708653125
0.035197173244193
0.015966956935158
0.018233569788359
-0.013615209504108
-0.013702988492482
0.021048688918634
-0.008504755950246
-0.014362933283047
0.069168229659570
0.008225286462044
-0.037396690019119
-0.036429702513935
-0.008111328580361
-0.004893536299938
-0.028738125923315
-0.023660228504263
-0.001673981435830
-0.008860144836656
-0.019751182600685
0.023666878380705
-0.023974566225903
0.034991654997792
0.010668793007657
-0.060497493739716
-0.003426132583615
0.014527031048872
-0.013946274888209
0.008218347894801
0.000852818176912
-0.100185309126233
0.071924158258937
0.008913863168270
-0.008438629022391
0.050166226597039
-0.077400411435160
-0.008090648253608
0.020458251012601
0.046298992270548
0.022145525979307
0.091935382123611
0.022053331280923
-0.018419746120445
0.132815660440929
-0.002350221343201
0.007144938313203
0.001964397510219
-0.128197215804594
0.066005312206653
0.031714108170807
0.017754050953367
-0.012975785077262
-0.003678464576707
-0.059579118908038
0.010453754349024
-0.035933907231421
-0.026637924579805
0.054125700550339
0.024468337322935
0.031774444187907
0.018751442328862
0.023442364394818
0.076004142500005
-0.017518343002995
-0.009498063431071
0.022209303601827
0.090593029895350
0.036500723370279
-0.041396798883468
0.014519354869224
0.044773248168372
-0.023518613241044
0.006767153428152
0.004620768158264
-0.012831039489856
-0.000081651823043
0.017190450426140
0.032709878295572
0.069949203045224
0.008659518847777
0.021266759011110
-0.004662470938846
0.024171581790731
0.027076576873429
-0.047072529273088
0.028233215189319
0.013398974560262
0.021636736547959
0.086276093036691
0.003442568107862
-0.001474355280363
0.013526282878830
0.052334555559001
0.101344099400838
-0.010983131080632
0.018992837080077
-0.202451341087012
-0.021390244830034
0.005723901226223
0.014378476306995
-0.013415192753005
-0.056983501627203
-0.004017437451833
0.085961267818155
-0.016102590676171
0.033892685867915
-0.012587744230596
0.077013238983798
-0.003737729912796
0.019283748687788
0.029992315476014
0.041557208086856
0.003145263116113
0.002897340704827
0.013348578064753
0.052958583605617
0.014383776627442
-0.004408508013221
0.039059591957411
0.053167302026726
-0.012734865728411
-0.015203954263609
-0.028471473548370
0.091397787329000
0.012115864901669
0.072761804752815
-0.015984360370268
-0.017666375079116
0.014503532819650
-0.005431492228134
0.128106008992270
0.103030097255919
0.027115556757621
0.035090961174839
0.015132804042527
0.001840961668995
0.021842583521300
-0.035111644481613
0.003115240961855
0.014985877354794
-0.018272328233121
0.002836346291702
0.006438605891882
-0.058083467828132
-0.027089454942552
-0.024752857465125
0.115364791906196
0.045292551825758
0.074649916635073
-0.052556576402684
0.042490958103037
0.012708170825672
-0.022750490087095
-0.011993768937656
-0.060757585554603
0.061684824789945
-0.041589933190323
-0.097843337470107
-0.362715594919040
-0.011246725512904
-0.038481423927128
-0.000685334472306
-0.132600897035697
0.098456069836592
-0.020338252656790
-0.005104935293038
-0.032845680721406
-0.038461313983869
-0.082722815811862
0.101061338570832
0.011404256861632
-0.065683891484522
0.018164191839572
-0.006564662518096
-0.038364421513490
0.010601620073811
-0.009612187729059
0.017631654850958
0.017840447218602
0.024221536566442
0.000995380018042
-0.067190936863104
-0.010636644263525
0.011029216140750
0.106898658954794
0.088335729027203
0.003195305192034
-0.077281843925116
0.066943734809754
0.035648613440867
-0.016858716469360
0.007475860337317
-0.014739168063082
0.022746783827175
0.103538471115396
0.045119788372354
0.025167762731527
-0.043165135036397
0.028013731746308
-0.117193168184494
-0.047676482982423
0.028266932076992
-0.047248690708166
-0.006973646523561
-0.027256566936606
0.024394316037562
0.008294041628377
0.007501914469841
0.045810679239740
-0.097628779653017
0.017072481540445
-0.021437864219783
0.049260981021561
0.038053093396339
-0.009519083500701
-0.020755868571369
-0.009009813381544
-0.014601822065898
0.008572913153807
0.028226703229023
0.004136247158613
0.059324729603435
-0.006099946191379
-0.001156650675751
0.030198612230958
0.012586467355276
-0.015540335729456
-0.093421550347692
-0.015206926599280
0.076137941164511
0.030253079360778
-0.100406793209982
0.000438865198056
0.022315480074773
-0.048005521155162
-0.185890757715009
-0.014818932719592
-0.042123151281571
0.000367920435015
-0.047210625481374
0.007413297333944
-0.037854545369660
0.026179404066497
-0.008604586337407
