# chanceToIncludeBestCorrelationModeWhole
0.010810810810811
0.016216216216216
0.043243243243243
0.064864864864865
0.070270270270270
0.075675675675676
0.140540540540541
0.221621621621622
0.275675675675676
0.324324324324324
0.356756756756757
0.378378378378378
0.416216216216216
0.475675675675676
0.497297297297297
0.524324324324324
0.562162162162162
0.589189189189189
0.610810810810811
0.621621621621622
0.648648648648649
0.654054054054054
0.675675675675676
0.686486486486486
0.697297297297297
0.708108108108108
0.718918918918919
0.718918918918919
0.735135135135135
0.740540540540541
0.745945945945946
0.762162162162162
0.767567567567567
0.772972972972973
0.778378378378378
0.783783783783784
0.783783783783784
0.783783783783784
0.789189189189189
0.800000000000000
0.810810810810811
0.810810810810811
0.810810810810811
0.821621621621621
0.827027027027027
0.827027027027027
0.827027027027027
0.827027027027027
0.832432432432432
0.837837837837837
0.837837837837837
0.837837837837837
0.837837837837837
0.843243243243243
0.854054054054054
0.854054054054054
0.859459459459459
0.864864864864864
0.870270270270270
0.875675675675675
0.881081081081081
0.881081081081081
0.881081081081081
0.881081081081081
0.881081081081081
0.881081081081081
0.886486486486486
0.886486486486486
0.886486486486486
0.886486486486486
0.886486486486486
0.886486486486486
0.886486486486486
0.891891891891891
0.891891891891891
0.891891891891891
0.897297297297297
0.908108108108107
0.908108108108107
0.908108108108107
0.908108108108107
0.908108108108107
0.913513513513513
0.913513513513513
0.918918918918918
0.918918918918918
0.918918918918918
0.918918918918918
0.918918918918918
0.918918918918918
0.918918918918918
0.918918918918918
0.918918918918918
0.918918918918918
0.918918918918918
0.918918918918918
0.918918918918918
0.918918918918918
0.918918918918918
0.918918918918918
0.924324324324324
0.924324324324324
0.929729729729729
0.935135135135134
0.935135135135134
0.935135135135134
0.935135135135134
0.940540540540540
0.940540540540540
0.940540540540540
0.940540540540540
0.940540540540540
0.940540540540540
0.940540540540540
0.940540540540540
0.945945945945945
0.945945945945945
0.945945945945945
0.945945945945945
0.945945945945945
0.945945945945945
0.945945945945945
0.945945945945945
0.945945945945945
0.951351351351350
0.951351351351350
0.951351351351350
0.951351351351350
0.951351351351350
0.951351351351350
0.951351351351350
0.951351351351350
0.951351351351350
0.951351351351350
0.956756756756756
0.956756756756756
0.956756756756756
0.956756756756756
0.956756756756756
0.962162162162161
0.962162162162161
0.967567567567566
0.967567567567566
0.967567567567566
0.967567567567566
0.967567567567566
0.967567567567566
0.967567567567566
0.967567567567566
0.967567567567566
0.967567567567566
0.967567567567566
0.967567567567566
0.967567567567566
0.967567567567566
0.967567567567566
0.967567567567566
0.967567567567566
0.967567567567566
0.967567567567566
0.967567567567566
0.967567567567566
0.967567567567566
0.967567567567566
0.967567567567566
0.967567567567566
0.967567567567566
0.967567567567566
0.967567567567566
0.967567567567566
0.967567567567566
0.967567567567566
0.967567567567566
0.967567567567566
0.967567567567566
0.972972972972972
0.972972972972972
0.972972972972972
0.972972972972972
0.972972972972972
0.972972972972972
0.972972972972972
0.972972972972972
0.972972972972972
0.972972972972972
0.978378378378377
0.978378378378377
0.978378378378377
0.978378378378377
0.978378378378377
0.983783783783782
0.983783783783782
0.983783783783782
0.983783783783782
0.983783783783782
0.983783783783782
0.983783783783782
0.983783783783782
0.983783783783782
0.983783783783782
0.983783783783782
0.983783783783782
0.983783783783782
0.983783783783782
0.983783783783782
0.983783783783782
0.983783783783782
0.983783783783782
0.983783783783782
0.983783783783782
0.983783783783782
0.983783783783782
0.983783783783782
0.983783783783782
0.983783783783782
0.983783783783782
0.983783783783782
0.983783783783782
0.983783783783782
0.983783783783782
0.983783783783782
0.983783783783782
0.983783783783782
0.983783783783782
0.983783783783782
0.983783783783782
0.989189189189188
0.989189189189188
0.989189189189188
0.989189189189188
0.989189189189188
0.989189189189188
0.989189189189188
0.989189189189188
0.989189189189188
0.989189189189188
0.989189189189188
0.989189189189188
0.989189189189188
0.989189189189188
0.989189189189188
0.989189189189188
0.989189189189188
0.989189189189188
0.989189189189188
0.989189189189188
0.989189189189188
0.989189189189188
0.989189189189188
0.989189189189188
0.989189189189188
0.989189189189188
0.989189189189188
0.994594594594593
0.994594594594593
0.994594594594593
0.994594594594593
0.994594594594593
0.994594594594593
0.994594594594593
0.994594594594593
0.994594594594593
0.994594594594593
0.994594594594593
0.994594594594593
0.994594594594593
0.994594594594593
0.994594594594593
0.994594594594593
0.994594594594593
0.994594594594593
0.994594594594593
0.994594594594593
0.994594594594593
0.994594594594593
0.994594594594593
0.994594594594593
0.994594594594593
0.994594594594593
0.994594594594593
0.994594594594593
0.994594594594593
0.994594594594593
0.994594594594593
0.994594594594593
0.994594594594593
0.994594594594593
0.994594594594593
0.994594594594593
0.994594594594593
0.994594594594593
0.994594594594593
0.994594594594593
0.994594594594593
0.994594594594593
0.994594594594593
0.994594594594593
0.994594594594593
0.994594594594593
0.994594594594593
0.994594594594593
0.994594594594593
0.994594594594593
0.994594594594593
0.994594594594593
0.994594594594593
0.994594594594593
0.994594594594593
0.994594594594593
0.994594594594593
0.994594594594593
0.994594594594593
0.994594594594593
0.994594594594593
0.994594594594593
0.994594594594593
0.994594594594593
0.994594594594593
0.994594594594593
0.994594594594593
0.994594594594593
0.994594594594593
0.994594594594593
0.994594594594593
0.994594594594593
0.994594594594593
0.994594594594593
0.994594594594593
0.994594594594593
0.994594594594593
0.994594594594593
0.994594594594593
0.994594594594593
0.994594594594593
0.994594594594593
0.994594594594593
0.994594594594593
0.994594594594593
0.994594594594593
0.994594594594593
0.994594594594593
0.994594594594593
0.994594594594593
0.994594594594593
0.994594594594593
0.994594594594593
0.994594594594593
0.994594594594593
0.994594594594593
0.994594594594593
0.994594594594593
0.994594594594593
0.999999999999998
0.999999999999998
0.999999999999998
0.999999999999998
0.999999999999998
0.999999999999998
0.999999999999998
0.999999999999998
0.999999999999998
0.999999999999998
0.999999999999998
0.999999999999998
0.999999999999998
0.999999999999998
0.999999999999998
0.999999999999998
0.999999999999998
0.999999999999998
0.999999999999998
0.999999999999998
0.999999999999998
0.999999999999998
0.999999999999998
0.999999999999998
0.999999999999998
0.999999999999998
0.999999999999998
0.999999999999998
0.999999999999998
0.999999999999998
0.999999999999998
0.999999999999998
0.999999999999998
0.999999999999998
0.999999999999998
0.999999999999998
0.999999999999998
0.999999999999998
0.999999999999998
0.999999999999998
0.999999999999998
0.999999999999998
0.999999999999998
0.999999999999998
0.999999999999998
0.999999999999998
0.999999999999998
0.999999999999998
0.999999999999998
0.999999999999998
0.999999999999998
0.999999999999998
0.999999999999998
0.999999999999998
