# chanceToIncludeBestOverlapModeInterface
0.000000000000000
0.000000000000000
0.000000000000000
0.000000000000000
0.000000000000000
0.000000000000000
0.059459459459459
0.124324324324324
0.162162162162162
0.205405405405405
0.237837837837838
0.259459459459459
0.286486486486487
0.324324324324324
0.340540540540541
0.356756756756757
0.367567567567568
0.394594594594595
0.410810810810811
0.443243243243243
0.454054054054054
0.486486486486487
0.497297297297297
0.508108108108108
0.524324324324324
0.524324324324324
0.535135135135135
0.540540540540541
0.545945945945946
0.551351351351351
0.567567567567568
0.567567567567568
0.567567567567568
0.578378378378378
0.578378378378378
0.578378378378378
0.578378378378378
0.583783783783784
0.583783783783784
0.583783783783784
0.583783783783784
0.589189189189189
0.589189189189189
0.589189189189189
0.594594594594595
0.616216216216216
0.616216216216216
0.621621621621621
0.621621621621621
0.637837837837838
0.637837837837838
0.648648648648649
0.659459459459459
0.659459459459459
0.664864864864865
0.664864864864865
0.675675675675676
0.681081081081081
0.681081081081081
0.681081081081081
0.681081081081081
0.686486486486486
0.691891891891892
0.697297297297297
0.702702702702702
0.702702702702702
0.702702702702702
0.708108108108108
0.724324324324324
0.729729729729729
0.729729729729729
0.729729729729729
0.735135135135135
0.735135135135135
0.751351351351351
0.756756756756756
0.756756756756756
0.762162162162162
0.767567567567567
0.767567567567567
0.772972972972972
0.772972972972972
0.783783783783783
0.789189189189189
0.789189189189189
0.789189189189189
0.789189189189189
0.789189189189189
0.789189189189189
0.789189189189189
0.805405405405405
0.816216216216216
0.821621621621621
0.827027027027027
0.827027027027027
0.827027027027027
0.827027027027027
0.827027027027027
0.827027027027027
0.827027027027027
0.832432432432432
0.832432432432432
0.837837837837837
0.837837837837837
0.843243243243243
0.843243243243243
0.843243243243243
0.848648648648648
0.848648648648648
0.848648648648648
0.854054054054053
0.854054054054053
0.854054054054053
0.854054054054053
0.854054054054053
0.859459459459459
0.859459459459459
0.864864864864864
0.870270270270269
0.870270270270269
0.870270270270269
0.870270270270269
0.881081081081080
0.881081081081080
0.881081081081080
0.881081081081080
0.881081081081080
0.881081081081080
0.881081081081080
0.881081081081080
0.881081081081080
0.886486486486486
0.891891891891891
0.891891891891891
0.891891891891891
0.891891891891891
0.891891891891891
0.891891891891891
0.891891891891891
0.891891891891891
0.891891891891891
0.891891891891891
0.891891891891891
0.891891891891891
0.897297297297296
0.897297297297296
0.902702702702702
0.902702702702702
0.902702702702702
0.902702702702702
0.902702702702702
0.908108108108107
0.908108108108107
0.908108108108107
0.908108108108107
0.913513513513512
0.913513513513512
0.913513513513512
0.913513513513512
0.913513513513512
0.913513513513512
0.913513513513512
0.918918918918918
0.918918918918918
0.918918918918918
0.924324324324323
0.924324324324323
0.924324324324323
0.924324324324323
0.924324324324323
0.924324324324323
0.924324324324323
0.924324324324323
0.924324324324323
0.929729729729728
0.929729729729728
0.929729729729728
0.929729729729728
0.929729729729728
0.929729729729728
0.929729729729728
0.929729729729728
0.929729729729728
0.929729729729728
0.929729729729728
0.929729729729728
0.929729729729728
0.929729729729728
0.929729729729728
0.929729729729728
0.929729729729728
0.929729729729728
0.929729729729728
0.929729729729728
0.929729729729728
0.929729729729728
0.935135135135134
0.940540540540539
0.945945945945944
0.945945945945944
0.945945945945944
0.951351351351350
0.962162162162161
0.962162162162161
0.962162162162161
0.962162162162161
0.962162162162161
0.962162162162161
0.962162162162161
0.962162162162161
0.962162162162161
0.962162162162161
0.962162162162161
0.962162162162161
0.962162162162161
0.962162162162161
0.962162162162161
0.962162162162161
0.962162162162161
0.962162162162161
0.962162162162161
0.962162162162161
0.962162162162161
0.962162162162161
0.962162162162161
0.962162162162161
0.962162162162161
0.962162162162161
0.967567567567566
0.972972972972971
0.972972972972971
0.972972972972971
0.972972972972971
0.972972972972971
0.972972972972971
0.972972972972971
0.972972972972971
0.972972972972971
0.972972972972971
0.972972972972971
0.972972972972971
0.972972972972971
0.978378378378377
0.978378378378377
0.978378378378377
0.978378378378377
0.978378378378377
0.978378378378377
0.978378378378377
0.978378378378377
0.978378378378377
0.978378378378377
0.978378378378377
0.978378378378377
0.978378378378377
0.978378378378377
0.978378378378377
0.983783783783782
0.983783783783782
0.983783783783782
0.983783783783782
0.983783783783782
0.983783783783782
0.983783783783782
0.983783783783782
0.983783783783782
0.983783783783782
0.983783783783782
0.983783783783782
0.983783783783782
0.983783783783782
0.983783783783782
0.983783783783782
0.983783783783782
0.983783783783782
0.983783783783782
0.983783783783782
0.983783783783782
0.983783783783782
0.983783783783782
0.983783783783782
0.983783783783782
0.983783783783782
0.983783783783782
0.983783783783782
0.983783783783782
0.983783783783782
0.983783783783782
0.983783783783782
0.983783783783782
0.983783783783782
0.983783783783782
0.983783783783782
0.983783783783782
0.983783783783782
0.983783783783782
0.983783783783782
0.983783783783782
0.983783783783782
0.983783783783782
0.983783783783782
0.983783783783782
0.983783783783782
0.983783783783782
0.983783783783782
0.983783783783782
0.983783783783782
0.983783783783782
0.983783783783782
0.983783783783782
0.983783783783782
0.983783783783782
0.983783783783782
0.983783783783782
0.983783783783782
0.983783783783782
0.983783783783782
0.983783783783782
0.989189189189188
0.989189189189188
0.989189189189188
0.989189189189188
0.989189189189188
0.989189189189188
0.989189189189188
0.989189189189188
0.989189189189188
0.989189189189188
0.989189189189188
0.989189189189188
0.989189189189188
0.989189189189188
0.989189189189188
0.989189189189188
0.989189189189188
0.989189189189188
0.989189189189188
0.989189189189188
0.989189189189188
0.989189189189188
0.989189189189188
0.989189189189188
0.989189189189188
0.989189189189188
0.989189189189188
0.989189189189188
0.989189189189188
0.989189189189188
0.989189189189188
0.989189189189188
0.989189189189188
0.989189189189188
0.989189189189188
0.989189189189188
0.989189189189188
0.989189189189188
0.989189189189188
0.989189189189188
0.989189189189188
0.989189189189188
0.989189189189188
0.989189189189188
0.989189189189188
0.994594594594593
0.994594594594593
0.994594594594593
0.994594594594593
0.994594594594593
0.994594594594593
0.994594594594593
0.994594594594593
0.994594594594593
0.994594594594593
0.994594594594593
0.994594594594593
0.994594594594593
0.994594594594593
0.994594594594593
0.994594594594593
0.994594594594593
0.994594594594593
0.994594594594593
0.994594594594593
0.994594594594593
0.994594594594593
0.994594594594593
0.994594594594593
0.994594594594593
0.994594594594593
0.994594594594593
0.994594594594593
0.994594594594593
0.994594594594593
0.994594594594593
0.994594594594593
0.994594594594593
0.994594594594593
0.994594594594593
0.994594594594593
0.994594594594593
0.994594594594593
0.994594594594593
0.994594594594593
0.999999999999998
0.999999999999998
0.999999999999998
