# chanceToIncludeBestCorrelationModeInterface
0.021621621621622
0.054054054054054
0.059459459459459
0.059459459459459
0.081081081081081
0.091891891891892
0.113513513513514
0.145945945945946
0.167567567567568
0.205405405405405
0.243243243243243
0.259459459459459
0.270270270270270
0.281081081081081
0.291891891891892
0.302702702702703
0.318918918918919
0.329729729729730
0.345945945945946
0.356756756756757
0.367567567567568
0.372972972972973
0.378378378378378
0.383783783783784
0.389189189189189
0.410810810810811
0.410810810810811
0.416216216216216
0.421621621621622
0.432432432432432
0.443243243243243
0.448648648648649
0.448648648648649
0.448648648648649
0.459459459459459
0.459459459459459
0.464864864864865
0.470270270270270
0.481081081081081
0.481081081081081
0.481081081081081
0.486486486486487
0.486486486486487
0.513513513513514
0.518918918918919
0.540540540540541
0.540540540540541
0.545945945945946
0.551351351351351
0.551351351351351
0.556756756756757
0.556756756756757
0.562162162162162
0.572972972972973
0.572972972972973
0.572972972972973
0.572972972972973
0.578378378378378
0.583783783783784
0.583783783783784
0.589189189189189
0.589189189189189
0.589189189189189
0.589189189189189
0.594594594594594
0.610810810810811
0.610810810810811
0.616216216216216
0.621621621621621
0.621621621621621
0.621621621621621
0.627027027027027
0.637837837837837
0.637837837837837
0.643243243243243
0.643243243243243
0.643243243243243
0.643243243243243
0.643243243243243
0.643243243243243
0.643243243243243
0.654054054054054
0.654054054054054
0.659459459459459
0.659459459459459
0.659459459459459
0.659459459459459
0.659459459459459
0.659459459459459
0.675675675675675
0.686486486486486
0.686486486486486
0.691891891891892
0.691891891891892
0.691891891891892
0.697297297297297
0.702702702702702
0.708108108108108
0.708108108108108
0.718918918918919
0.729729729729729
0.735135135135135
0.735135135135135
0.735135135135135
0.740540540540540
0.745945945945945
0.745945945945945
0.745945945945945
0.745945945945945
0.745945945945945
0.751351351351351
0.762162162162162
0.762162162162162
0.762162162162162
0.762162162162162
0.762162162162162
0.762162162162162
0.767567567567567
0.767567567567567
0.767567567567567
0.772972972972972
0.772972972972972
0.772972972972972
0.772972972972972
0.772972972972972
0.772972972972972
0.772972972972972
0.772972972972972
0.778378378378378
0.778378378378378
0.778378378378378
0.778378378378378
0.783783783783783
0.783783783783783
0.783783783783783
0.783783783783783
0.783783783783783
0.783783783783783
0.789189189189188
0.789189189189188
0.789189189189188
0.799999999999999
0.810810810810810
0.816216216216215
0.816216216216215
0.821621621621621
0.827027027027026
0.832432432432431
0.837837837837837
0.837837837837837
0.837837837837837
0.837837837837837
0.837837837837837
0.837837837837837
0.837837837837837
0.843243243243242
0.843243243243242
0.843243243243242
0.843243243243242
0.843243243243242
0.843243243243242
0.843243243243242
0.843243243243242
0.843243243243242
0.843243243243242
0.843243243243242
0.843243243243242
0.843243243243242
0.848648648648648
0.854054054054053
0.854054054054053
0.854054054054053
0.854054054054053
0.859459459459458
0.859459459459458
0.859459459459458
0.859459459459458
0.859459459459458
0.859459459459458
0.859459459459458
0.864864864864864
0.870270270270269
0.870270270270269
0.870270270270269
0.870270270270269
0.870270270270269
0.870270270270269
0.870270270270269
0.870270270270269
0.870270270270269
0.875675675675674
0.875675675675674
0.875675675675674
0.875675675675674
0.875675675675674
0.875675675675674
0.875675675675674
0.875675675675674
0.875675675675674
0.875675675675674
0.875675675675674
0.881081081081080
0.881081081081080
0.881081081081080
0.881081081081080
0.881081081081080
0.881081081081080
0.881081081081080
0.881081081081080
0.881081081081080
0.886486486486485
0.886486486486485
0.886486486486485
0.886486486486485
0.886486486486485
0.891891891891890
0.897297297297296
0.897297297297296
0.897297297297296
0.897297297297296
0.897297297297296
0.897297297297296
0.897297297297296
0.897297297297296
0.897297297297296
0.897297297297296
0.897297297297296
0.897297297297296
0.897297297297296
0.897297297297296
0.897297297297296
0.897297297297296
0.897297297297296
0.897297297297296
0.897297297297296
0.897297297297296
0.897297297297296
0.897297297297296
0.897297297297296
0.897297297297296
0.897297297297296
0.897297297297296
0.897297297297296
0.897297297297296
0.897297297297296
0.897297297297296
0.897297297297296
0.897297297297296
0.897297297297296
0.897297297297296
0.897297297297296
0.897297297297296
0.897297297297296
0.897297297297296
0.897297297297296
0.897297297297296
0.897297297297296
0.897297297297296
0.902702702702701
0.902702702702701
0.902702702702701
0.908108108108106
0.908108108108106
0.908108108108106
0.908108108108106
0.908108108108106
0.913513513513512
0.913513513513512
0.918918918918917
0.918918918918917
0.918918918918917
0.918918918918917
0.918918918918917
0.918918918918917
0.918918918918917
0.918918918918917
0.918918918918917
0.918918918918917
0.918918918918917
0.918918918918917
0.918918918918917
0.918918918918917
0.918918918918917
0.918918918918917
0.924324324324322
0.924324324324322
0.924324324324322
0.924324324324322
0.924324324324322
0.924324324324322
0.924324324324322
0.929729729729728
0.929729729729728
0.929729729729728
0.929729729729728
0.929729729729728
0.929729729729728
0.929729729729728
0.929729729729728
0.929729729729728
0.929729729729728
0.929729729729728
0.929729729729728
0.929729729729728
0.929729729729728
0.929729729729728
0.935135135135133
0.940540540540538
0.940540540540538
0.940540540540538
0.940540540540538
0.940540540540538
0.940540540540538
0.940540540540538
0.940540540540538
0.940540540540538
0.940540540540538
0.945945945945944
0.951351351351349
0.951351351351349
0.951351351351349
0.951351351351349
0.956756756756755
0.956756756756755
0.956756756756755
0.956756756756755
0.956756756756755
0.956756756756755
0.956756756756755
0.956756756756755
0.956756756756755
0.956756756756755
0.962162162162160
0.962162162162160
0.962162162162160
0.962162162162160
0.962162162162160
0.962162162162160
0.967567567567565
0.967567567567565
0.967567567567565
0.967567567567565
0.967567567567565
0.967567567567565
0.967567567567565
0.967567567567565
0.972972972972971
0.972972972972971
0.972972972972971
0.972972972972971
0.972972972972971
0.972972972972971
0.972972972972971
0.972972972972971
0.972972972972971
0.972972972972971
0.972972972972971
0.972972972972971
0.978378378378376
0.978378378378376
0.978378378378376
0.978378378378376
0.978378378378376
0.978378378378376
0.978378378378376
0.978378378378376
0.983783783783781
0.983783783783781
0.983783783783781
0.983783783783781
0.983783783783781
0.983783783783781
0.983783783783781
0.983783783783781
0.983783783783781
0.989189189189187
0.989189189189187
0.989189189189187
0.994594594594592
0.994594594594592
0.994594594594592
0.994594594594592
0.994594594594592
0.994594594594592
0.994594594594592
0.994594594594592
0.994594594594592
0.994594594594592
0.994594594594592
0.994594594594592
0.994594594594592
0.994594594594592
0.994594594594592
0.994594594594592
0.994594594594592
0.994594594594592
0.994594594594592
0.994594594594592
0.994594594594592
0.994594594594592
0.994594594594592
0.999999999999997
0.999999999999997
0.999999999999997
0.999999999999997
0.999999999999997
