# chanceToIncludeBestOverlapModeWhole
0.000000000000000
0.000000000000000
0.000000000000000
0.000000000000000
0.000000000000000
0.000000000000000
0.237837837837838
0.400000000000000
0.497297297297297
0.578378378378378
0.675675675675676
0.724324324324324
0.756756756756757
0.789189189189189
0.810810810810811
0.827027027027027
0.837837837837838
0.854054054054054
0.870270270270270
0.881081081081081
0.891891891891892
0.891891891891892
0.891891891891892
0.897297297297297
0.902702702702703
0.908108108108108
0.913513513513514
0.913513513513514
0.918918918918919
0.918918918918919
0.918918918918919
0.918918918918919
0.918918918918919
0.924324324324324
0.924324324324324
0.924324324324324
0.924324324324324
0.924324324324324
0.929729729729730
0.929729729729730
0.935135135135135
0.935135135135135
0.935135135135135
0.945945945945946
0.945945945945946
0.945945945945946
0.945945945945946
0.945945945945946
0.945945945945946
0.945945945945946
0.945945945945946
0.945945945945946
0.945945945945946
0.945945945945946
0.945945945945946
0.945945945945946
0.945945945945946
0.945945945945946
0.945945945945946
0.945945945945946
0.945945945945946
0.945945945945946
0.945945945945946
0.951351351351351
0.951351351351351
0.951351351351351
0.951351351351351
0.951351351351351
0.951351351351351
0.951351351351351
0.951351351351351
0.956756756756757
0.956756756756757
0.956756756756757
0.962162162162162
0.967567567567567
0.967567567567567
0.967567567567567
0.967567567567567
0.967567567567567
0.972972972972973
0.972972972972973
0.972972972972973
0.972972972972973
0.972972972972973
0.972972972972973
0.972972972972973
0.972972972972973
0.972972972972973
0.972972972972973
0.972972972972973
0.972972972972973
0.972972972972973
0.972972972972973
0.972972972972973
0.972972972972973
0.972972972972973
0.972972972972973
0.972972972972973
0.972972972972973
0.972972972972973
0.972972972972973
0.972972972972973
0.972972972972973
0.972972972972973
0.972972972972973
0.972972972972973
0.972972972972973
0.972972972972973
0.972972972972973
0.972972972972973
0.972972972972973
0.972972972972973
0.978378378378378
0.978378378378378
0.978378378378378
0.978378378378378
0.978378378378378
0.983783783783783
0.983783783783783
0.983783783783783
0.983783783783783
0.983783783783783
0.983783783783783
0.983783783783783
0.983783783783783
0.983783783783783
0.983783783783783
0.983783783783783
0.983783783783783
0.983783783783783
0.983783783783783
0.983783783783783
0.983783783783783
0.983783783783783
0.983783783783783
0.983783783783783
0.983783783783783
0.983783783783783
0.983783783783783
0.983783783783783
0.983783783783783
0.983783783783783
0.983783783783783
0.983783783783783
0.983783783783783
0.983783783783783
0.983783783783783
0.983783783783783
0.983783783783783
0.983783783783783
0.983783783783783
0.983783783783783
0.983783783783783
0.983783783783783
0.989189189189189
0.989189189189189
0.989189189189189
0.994594594594594
0.994594594594594
0.994594594594594
0.994594594594594
0.994594594594594
0.994594594594594
0.994594594594594
0.994594594594594
0.994594594594594
0.994594594594594
0.994594594594594
0.994594594594594
0.994594594594594
0.994594594594594
0.994594594594594
0.994594594594594
0.994594594594594
0.994594594594594
0.994594594594594
0.994594594594594
0.994594594594594
0.994594594594594
0.994594594594594
0.994594594594594
0.994594594594594
0.994594594594594
0.994594594594594
0.994594594594594
0.994594594594594
0.994594594594594
0.994594594594594
0.994594594594594
0.994594594594594
0.994594594594594
0.994594594594594
0.994594594594594
0.994594594594594
0.994594594594594
0.994594594594594
0.994594594594594
0.994594594594594
0.999999999999999
0.999999999999999
0.999999999999999
0.999999999999999
0.999999999999999
0.999999999999999
0.999999999999999
0.999999999999999
0.999999999999999
0.999999999999999
0.999999999999999
0.999999999999999
0.999999999999999
0.999999999999999
0.999999999999999
0.999999999999999
0.999999999999999
0.999999999999999
0.999999999999999
0.999999999999999
0.999999999999999
0.999999999999999
0.999999999999999
0.999999999999999
0.999999999999999
0.999999999999999
0.999999999999999
0.999999999999999
0.999999999999999
0.999999999999999
0.999999999999999
0.999999999999999
0.999999999999999
0.999999999999999
0.999999999999999
0.999999999999999
0.999999999999999
0.999999999999999
0.999999999999999
0.999999999999999
0.999999999999999
0.999999999999999
0.999999999999999
0.999999999999999
0.999999999999999
0.999999999999999
0.999999999999999
0.999999999999999
0.999999999999999
0.999999999999999
0.999999999999999
0.999999999999999
0.999999999999999
0.999999999999999
0.999999999999999
0.999999999999999
0.999999999999999
0.999999999999999
0.999999999999999
0.999999999999999
0.999999999999999
0.999999999999999
0.999999999999999
0.999999999999999
0.999999999999999
0.999999999999999
0.999999999999999
0.999999999999999
0.999999999999999
0.999999999999999
0.999999999999999
0.999999999999999
0.999999999999999
0.999999999999999
0.999999999999999
0.999999999999999
0.999999999999999
0.999999999999999
0.999999999999999
0.999999999999999
0.999999999999999
0.999999999999999
0.999999999999999
0.999999999999999
0.999999999999999
0.999999999999999
0.999999999999999
0.999999999999999
0.999999999999999
0.999999999999999
0.999999999999999
0.999999999999999
0.999999999999999
0.999999999999999
0.999999999999999
0.999999999999999
0.999999999999999
0.999999999999999
0.999999999999999
0.999999999999999
0.999999999999999
0.999999999999999
0.999999999999999
0.999999999999999
0.999999999999999
0.999999999999999
0.999999999999999
0.999999999999999
0.999999999999999
0.999999999999999
0.999999999999999
0.999999999999999
0.999999999999999
0.999999999999999
0.999999999999999
0.999999999999999
0.999999999999999
0.999999999999999
0.999999999999999
0.999999999999999
0.999999999999999
0.999999999999999
0.999999999999999
0.999999999999999
0.999999999999999
0.999999999999999
0.999999999999999
0.999999999999999
0.999999999999999
0.999999999999999
0.999999999999999
0.999999999999999
0.999999999999999
0.999999999999999
0.999999999999999
0.999999999999999
0.999999999999999
0.999999999999999
0.999999999999999
0.999999999999999
0.999999999999999
0.999999999999999
0.999999999999999
0.999999999999999
0.999999999999999
0.999999999999999
0.999999999999999
0.999999999999999
0.999999999999999
0.999999999999999
0.999999999999999
0.999999999999999
0.999999999999999
0.999999999999999
0.999999999999999
0.999999999999999
0.999999999999999
0.999999999999999
0.999999999999999
0.999999999999999
0.999999999999999
0.999999999999999
0.999999999999999
0.999999999999999
0.999999999999999
0.999999999999999
0.999999999999999
0.999999999999999
0.999999999999999
0.999999999999999
0.999999999999999
0.999999999999999
0.999999999999999
0.999999999999999
0.999999999999999
0.999999999999999
0.999999999999999
0.999999999999999
0.999999999999999
0.999999999999999
0.999999999999999
0.999999999999999
0.999999999999999
0.999999999999999
0.999999999999999
0.999999999999999
0.999999999999999
0.999999999999999
0.999999999999999
0.999999999999999
0.999999999999999
0.999999999999999
0.999999999999999
0.999999999999999
0.999999999999999
0.999999999999999
0.999999999999999
0.999999999999999
0.999999999999999
0.999999999999999
0.999999999999999
0.999999999999999
0.999999999999999
0.999999999999999
0.999999999999999
0.999999999999999
0.999999999999999
