# highestCollectivityValue
0.983663059236884
0.946781743571901
0.946404100435600
0.965565221722091
0.954041947210392
0.986520853487222
0.914256574448271
0.861529721434858
0.907537604199447
0.955374362127779
0.921726821893740
0.895791865025287
0.897860165977209
0.930435980064670
0.954074876439010
0.922805452221459
0.993089519100365
0.975748288377807
0.930360878868683
0.916982032243458
0.925212752163528
0.952140311721450
0.983715970480568
0.845633899891207
0.989726085704779
0.823492695683195
0.920114040110767
0.976769573488916
0.937850557459689
0.848916934880962
0.816597925013096
0.916421944565452
0.871947887524697
0.898878467673185
0.932362635131781
0.912384520726361
0.819210674784610
0.844086207322755
0.904985359664381
0.937756975654287
0.946526157326040
0.946369588671762
0.943230146461017
0.940093652492695
0.967400681227113
0.931093018275201
0.870390350927553
0.944522799788742
0.901779370532927
0.980870357875817
0.906236518970200
0.941060838561212
0.959271635326640
0.960903673368271
0.906886222941784
0.936196689487955
0.861617104365138
0.896360630472094
0.945489020523187
0.925769579622035
0.895253149266348
0.978590190056459
0.826002040775746
0.961920403365610
0.860234602958979
0.923524127203422
0.818657099209173
0.904824565767778
0.904129377154841
0.934655313842939
0.953253715494100
0.865166700019021
0.978442566796402
0.933780225618616
0.998292257630082
0.929329033578460
0.912451110461981
0.942074199416917
0.944841008856524
0.989216264082160
0.951586593578628
0.961897867488658
0.810959223210413
0.902714540505499
0.930553383936662
0.827560879065837
0.898246069561981
0.835337888447036
0.969379261068679
0.848185295114547
0.983261332077525
0.948230445643135
0.853703288616003
0.932128386342330
0.941035957454772
0.823492480519199
0.888382931820359
0.955092060927068
0.880904882123710
0.895161372856636
0.877217683418021
0.951330012851010
0.926209256839857
0.945344519668563
0.992732097602065
0.855687844581622
0.948515732303252
0.922099224949524
0.961261635717246
0.987484479742164
0.890500830361877
0.958871280104765
0.915534424947682
0.930061400448615
0.940224980654934
0.975382670260654
0.987780802006020
0.965320779837761
0.978839730822942
0.846857012855947
0.901506309466590
0.903449297057533
0.973181490531030
0.959992717645505
0.927216843655335
0.975111029765568
0.957150684083753
0.926176914120716
0.886677505697431
0.965829477322960
0.924575148668737
0.944898952464543
0.958244307763589
0.982706048530068
0.901589962745898
0.886635775042658
0.915652591893653
0.968016126518368
0.965803448667423
0.890381673779366
0.904408863893114
0.934071210554273
0.908453119376398
0.952507289799696
0.966441579029353
0.912887291515112
0.846165997268657
0.904542416516558
0.936013313075816
0.880768731696486
0.988343898425692
0.908657832373301
0.920565871353348
0.952948091225121
0.975872097050452
0.974157715452655
0.968233881889351
0.917960062414042
0.877434564513740
0.940430477379348
0.965484952834894
0.965444303923676
0.913718655478243
0.923187084963754
0.881440452337712
0.994049458867404
0.844174403157094
0.811732329873782
0.952415629736422
0.903100642704440
0.941518925211944
0.938225371916659
0.982636061245239
0.969056753867618
0.862633683803234
0.916816440357681
0.911515836463373
0.820189065814416
0.949138209073527
0.936201560963894
0.940326214921735
0.957859170762061
0.847569560582107
0.768275523994550
0.790128636759156
