# highestCorrelationPosition
107
10
40
8
124
8
26
17
7
84
1
9
8
58
18
73
13
15
190
28
29
22
26
6
23
43
54
7
11
11
226
8
13
23
12
8
6
10
10
7
12
33
20
21
13
3
6
7
40
16
14
34
9
7
39
103
16
10
20
7
10
9
16
3
18
102
13
15
77
352
8
31
15
82
6
7
49
77
39
57
6
76
100
13
25
4
8
31
9
8
20
53
18
15
9
19
7
7
28
253
22
18
17
16
115
15
6
11
22
134
16
17
2
12
185
6
13
16
13
5
2
3
7
24
56
14
20
17
12
10
22
14
59
0
6
48
2
66
0
6
54
12
139
60
3
13
43
6
19
11
7
8
7
7
6
13
20
7
13
28
7
35
9
31
12
44
8
38
6
14
24
17
32
12
175
9
16
9
13
9
2
2
30
141
25
