# highestOverlapValue
0.298188208672999
0.353719755688713
0.571439342487278
0.273814772865148
0.176274758060922
0.672281227387917
0.251339625212042
0.400371512213740
0.427191968220638
0.292725102139072
0.256664120877024
0.381917439574563
0.383337109411105
0.433972690793999
0.238378185486468
0.460607538900036
0.457338971172222
0.252466236554808
0.297617579809268
0.304596641264681
0.234258555866661
0.470924590655735
0.216433597376718
0.803999206181237
0.352300089755243
0.406262409029414
0.613480990439547
0.642568870294488
0.521243288223216
0.541626979901237
0.452812732092811
0.415426066627648
0.316910271568107
0.346520591418295
0.249268653435758
0.272531759675872
0.302654825924652
0.268927694385679
0.303712360277707
0.505275520520190
0.203309351974425
0.632929865574676
0.369982975360559
0.242251385888996
0.392860739748049
0.252465726396969
0.545750280717104
0.417096295318403
0.282454244003768
0.497958119597322
0.525997633139213
0.347579352207820
0.317471848416658
0.509093653183600
0.193225545160544
0.452256821809141
0.214529404869333
0.444144091172846
0.388340991893679
0.612868392908825
0.402708228024464
0.370103734766263
0.414058365288677
0.476996012338297
0.195709543301923
0.201868555596320
0.547343328005528
0.233734210199939
0.394211668011331
0.249917397378003
0.521882330065525
0.263348270496717
0.369186478139713
0.175714660349371
0.672416033945466
0.302727342785862
0.221603682553945
0.337352378477743
0.532657167515969
0.411350106806010
0.480250016785503
0.222283285558221
0.295221361779988
0.236926693376869
0.290308590093041
0.341251668390909
0.352606954709427
0.268500764537926
0.667397882366921
0.402924043289900
0.377113279185055
0.244405845579938
0.436271357887692
0.361339825617248
0.698273133255481
0.216282868499058
0.608211545869779
0.554552983127433
0.261155818845662
0.374617924212339
0.186276530243806
0.216685315781177
0.329277658651566
0.336116951417588
0.236469945999199
0.282799548923246
0.382486809882730
0.264688800470953
0.517471824603666
0.247962092609515
0.236799762630296
0.255230391735698
0.449315824993858
0.225444526112922
0.137987772847682
0.751052436562160
0.404375990039518
0.309275238375412
0.263746079747765
0.204266500724165
0.251282348498150
0.754363186870074
0.313326199558202
0.224169673293796
0.488194954563352
0.307348654357821
0.276539981539851
0.179884794350402
0.332731915501876
0.425694505768707
0.348206982656270
0.507761832892662
0.210438833591108
0.325939592400728
0.324352203966161
0.250739051561710
0.298934630229771
0.313676731704813
0.506920623385570
0.567203847763819
0.526550430148372
0.280536984173653
0.208669471669822
0.235574713179687
0.630524206512106
0.408276217092253
0.307675958686657
0.494492112009376
0.390484184739083
0.316768586485769
0.605640762294060
0.537320599162788
0.153049746163523
0.613810849305299
0.560977335159067
0.560602606631683
0.308266091970940
0.380446571454598
0.521591695782471
0.325129845730285
0.264820884006353
0.245901137556867
0.386628911025137
0.305575754783605
0.393456444312362
0.262053617919446
0.672833023413731
0.378469868934635
0.213875032775180
0.311793316654601
0.205734610592423
0.507191637643489
0.452119735046893
0.444761015154540
0.268831979133904
0.376109666887953
0.610871176435553
0.539780024334160
0.378399474174334
0.364333382096425
0.321055413978692
0.251437502338230
0.260357951112240
0.214537447204110
0.398541641676137
