# highestCorrelationValue
0.493361387134838
0.628493624570267
0.619839212303720
0.449100641898167
0.511124754455774
0.577389629538794
0.434100366517024
0.371400030091828
0.676602710238084
0.547120497005921
0.662437184112760
0.601160289921654
0.751739629029915
0.748809216775317
0.453385304253570
0.606424913502485
0.547942974611745
0.537731144796984
0.487657416299244
0.560349100199793
0.420467237906977
0.522704425052827
0.625966977814715
0.824491219659961
0.487989637510831
0.553912251492978
0.527124960172694
0.614204609822741
0.778058475663920
0.624351333589381
0.397450410827784
0.556564433198518
0.646805879614544
0.392996081841651
0.503129995557980
0.712769669000946
0.515759520918843
0.505509999617115
0.628917427738853
0.724494960594823
0.349520938787283
0.621241968488307
0.429873864204969
0.556827049838006
0.787639524374010
0.572030176483756
0.697008348534107
0.751375252671193
0.494082184799894
0.671068169528687
0.375118466420647
0.515394442783949
0.742231826570813
0.602526172907492
0.438068343437601
0.634181534046761
0.546820167830596
0.793173213490401
0.510799767480607
0.884615069822207
0.660187642816858
0.609498272201303
0.527827768476628
0.524375224214229
0.570495171213934
0.463534286808087
0.823703755997931
0.654870696004815
0.699808348513021
0.552100955995201
0.823905866260357
0.560134634200604
0.796806500009876
0.544031251043890
0.744623320835009
0.652096046832994
0.388351677805202
0.557951030293243
0.666733145605303
0.507391354476340
0.557469733235868
0.487079917760437
0.489638881654012
0.512121045687230
0.415235821678530
0.366275362221812
0.604246678107722
0.669748769186330
0.614421927780668
0.574306024637398
0.380507404096911
0.579329627093165
0.812077802519162
0.374139787629726
0.604128700850802
0.476574168810446
0.593415404930619
0.514233877600074
0.325658897788106
0.476140996831915
0.530252275070554
0.541701173269150
0.633273702161402
0.488979998989655
0.486750992987673
0.530779048581318
0.453747915864533
0.525806857633489
0.652049634006739
0.715531012546547
0.474037092682782
0.567772867772646
0.599800629942672
0.482952838939639
0.469004371308085
0.649462409011724
0.648640179724078
0.568851549792998
0.571321638516060
0.435304769066485
0.543453708977072
0.609647709658037
0.744012782586204
0.598582883424503
0.548890252209122
0.597005229836670
0.570401731669888
0.432273379103876
0.652786727220125
0.548029781909198
0.619413390306897
0.737062478442240
0.501311234594492
0.629275367293516
0.670538514448778
0.659579613611671
0.507048589751235
0.434575325042207
0.572119938031844
0.620097547254983
0.730033148620827
0.777256858990406
0.474228659966077
0.557698249626140
0.504937815824814
0.665032242728624
0.482521628445727
0.777367095008443
0.823417067719483
0.773694256852677
0.913330676891460
0.824174111447914
0.421924136533568
0.708560673061566
0.480944329450938
0.606710711694682
0.498462115222591
0.638052381921723
0.687991093066186
0.504164223668550
0.463232579702407
0.484798310626380
0.818832760465751
0.509447788104717
0.590040970856045
0.487783750993267
0.722510011774491
0.539190420593398
0.666956713831965
0.590641768558463
0.283783073192336
0.707487676691141
0.776004998430461
0.673254692408224
0.586434896828713
0.624382039221662
0.635741430599513
0.549918511039708
0.636138913660664
0.588967004574888
0.523881464043750
0.435043514779607
0.537043380418637
0.414356854704182
0.835172926983079
