# LRMSMeansWhole
0.042297440512028
0.073325303625259
0.098096362974075
0.115420957142179
0.130981790210342
0.144453885605328
0.155040351861331
0.163916847610661
0.172258533062735
0.177293565751290
0.185945367755340
0.191723965382481
0.197048605113809
0.201946590356171
0.206745956251345
0.211819146521932
0.216508886728766
0.220652511612447
0.224163311093030
0.227859349970751
0.262208088318837
0.288926309901295
0.310172471185360
0.327945826620177
0.344487510657552
0.361460954874525
0.375106148925941
0.388076502190687
0.401214185460377
0.412899716271686
0.424047530843470
0.434557930630435
0.444534443170432
0.454149973993381
0.462446216381649
0.470471020915974
0.478524051232584
0.486015935263304
0.493117178949413
0.500031127203792
0.506487934600204
0.512794929158716
0.518883243968981
0.524537403418817
0.529626114297023
0.534404518636673
0.539147255049805
0.543722447008076
0.548104712736483
0.551623131896518
0.555326121383960
0.558918126296168
0.562424610777380
0.565695671281677
0.568965591733937
0.571893123608867
0.574532472147461
0.577422278193165
