# overlapStdTApproxInterface
0.150118329900888
0.176297005100450
0.195616624197446
0.194896648214710
0.186645828516181
0.184129795555105
0.177503456379779
0.168577450515746
0.164172268379054
0.161310299144132
0.157032656428230
0.154739260234359
0.153040433113024
0.148956831801763
0.146025506621722
0.143379273253156
0.140913067209964
0.136949974645645
0.134569729258010
0.133117214577011
0.114567248184381
0.100426380134862
0.089237438669459
0.079812555340343
0.071791747866068
0.066624661412896
0.060377099787520
0.057067158489525
0.055351249318274
0.054317103548929
0.053863171855644
0.053637256690957
0.053455652582529
0.053290925041778
0.053017927677961
0.052944311461714
0.052810965663381
0.052719426210656
0.052606060950632
0.052533605080967
0.052473017535719
0.052416982548072
0.052383821706295
0.052374602189158
0.052368188933492
0.052365064819304
0.052364012178233
0.052363949850294
0.052363942170285
0.052363926634531
0.052363923016727
0.052363915430984
0.052363914235534
0.052363913826174
0.052363913500880
0.052363911698420
0.052363911262565
0.052363911208964
