# overlapStdTApproxWhole
0.185085335953591
0.190587638429864
0.194851186230511
0.188987908399014
0.180962561786662
0.175525384120062
0.172951662180958
0.173481733115372
0.168118468615029
0.167306809706482
0.167077011712903
0.164220554748290
0.162024958687536
0.159388392135265
0.158747197530036
0.157527867617608
0.155695279032653
0.153657900729728
0.152779922872533
0.151207728212791
0.139709416662463
0.131467044446101
0.125497177822034
0.120210933411233
0.113233928457193
0.108973644630865
0.106193215477533
0.103808853003473
0.101189185055181
0.097433528403629
0.094474238744564
0.091376524651696
0.089291018174998
0.086113701390767
0.083155473640456
0.081516358463653
0.079271709145491
0.077766239675214
0.075546899188432
0.072897974012719
0.070855485370698
0.068990000482113
0.067667993529067
0.066108931358876
0.064508030345813
0.063577608052520
0.062403486144385
0.061032376595599
0.060217235109505
0.059099196050442
0.058337756073952
0.057486664472230
0.056945506432276
0.056290454289632
0.055622235803771
0.054856806641140
0.054218307403700
0.053245456509364
