# overlapMeansTApproxInterface
0.130917788160267
0.212827489331638
0.277826436727920
0.328774463792901
0.376978918973826
0.416604812165037
0.454607033826083
0.486482513544413
0.510509286818712
0.530988855273404
0.549961382215028
0.567963319155881
0.583171794664535
0.597745323043836
0.610756006436686
0.623967482842337
0.634673451331197
0.646840496869063
0.658052246343097
0.666463252296149
0.740369817594984
0.791348670602539
0.825196382869421
0.852175600641590
0.870336036694736
0.881746397123873
0.890113428039163
0.896050384856340
0.899811517077322
0.901850972510283
0.903111328866201
0.903757628285994
0.904225252374048
0.904445020165647
0.904646023877135
0.904707823043508
0.904795918515316
0.904858023292364
0.904935956514144
0.904992974968958
0.905048771804902
0.905112359413180
0.905160843707410
0.905177004280271
0.905189327359581
0.905195735695516
0.905197964710677
0.905198099340852
0.905198116552591
0.905198150156332
0.905198158160575
0.905198174735246
0.905198177354862
0.905198178357254
0.905198179107436
0.905198183073326
0.905198184026044
0.905198184176892
