# overlapMeansTApproxWhole
0.209263727352245
0.312370861920059
0.372685116902491
0.412770042642979
0.447158708473191
0.473919584555242
0.492479484389717
0.506635344530550
0.521816166788344
0.529788106283371
0.542374259191571
0.551835434830718
0.559982798469524
0.567748900201777
0.574295635280474
0.581393333165084
0.588114637173069
0.594156978791464
0.598896651293878
0.604063840473473
0.648051846585061
0.678626379216452
0.701180020745196
0.719165496493636
0.735743275404614
0.751151556760592
0.762904827601239
0.773670287373481
0.784141379629146
0.793601276134386
0.802126769838122
0.810128713147081
0.817254228082036
0.824247556277888
0.830178325549333
0.835509142981884
0.840867645939989
0.845666104326325
0.850284618590096
0.854884283284044
0.858998547109604
0.862922432140403
0.866504900884846
0.869887223603378
0.872930301682401
0.875620075081540
0.878309433213701
0.880910641809194
0.883272308671870
0.885257662633444
0.887241201210786
0.889152524747172
0.890942851234447
0.892629821091696
0.894296647404379
0.895817948123278
0.897182616043534
0.898729887445812
