# RMSDMeansInterface
0.021043058050021
0.040947376766266
0.062716318720721
0.080013288704242
0.097435409112668
0.115390348894697
0.133576970871939
0.149563378276468
0.163527342428072
0.176018494078327
0.187989641070284
0.200384677536425
0.211341064710583
0.221626502915799
0.231314112279106
0.241694507912040
0.250191771354015
0.259768458281509
0.269348180454805
0.276959540954127
0.349943946954712
0.410501421338889
0.456347047964105
0.497046442647015
0.526773499200360
0.546998151848138
0.561577363254102
0.572674108555744
0.580323642923105
0.584557904315920
0.587372940248818
0.588859512957342
0.589917559579727
0.590420281570404
0.590828400094602
0.590974651599920
0.591149724583300
0.591266495914750
0.591388576776469
0.591477309934170
0.591567475997226
0.591674210996605
0.591759663627350
0.591789047863982
0.591811620899527
0.591823416303022
0.591827666207612
0.591827920700573
0.591827956738499
0.591828019621962
0.591828034090152
0.591828065717674
0.591828070711599
0.591828072997609
0.591828074321067
0.591828082040757
0.591828083925729
0.591828084237017
