# RMSDStdWhole
0.070497898590490
0.087248469243160
0.099838645249718
0.108076729041126
0.111143046228019
0.113437233038975
0.117606653409588
0.120126436692980
0.120496444387585
0.121317679393460
0.124358255571007
0.124210649091319
0.125151119064013
0.124855391423878
0.126310459330546
0.127118793015018
0.127438804475267
0.127276928516445
0.127564337038878
0.127488666627212
0.127934185440801
0.129386152140846
0.130044468826110
0.129856729672317
0.127752946268395
0.127735502365018
0.127891629632453
0.127883905519174
0.128386288727002
0.127104768886589
0.126811627229050
0.125488327204634
0.125334211458502
0.123981119305020
0.122652925508803
0.122456578651974
0.121797322748366
0.121383552040197
0.120365143459959
0.118297310543128
0.116823676514710
0.115474380331248
0.114948434967391
0.113819633086772
0.112564624786958
0.112062261464518
0.111270287254551
0.110309768998445
0.109906735322254
0.108937447589202
0.108382641517630
0.107845236608884
0.107638208417267
0.107249438217579
0.106899513938373
0.106314633566739
0.105723334945002
0.104652334954441
