# RMSDStdInterface
0.045842105258609
0.063495574499077
0.079288921340276
0.088286776827838
0.093072656301807
0.101197997359968
0.106620171399659
0.109049771429182
0.113828618830066
0.115311880316400
0.117174693824951
0.119563650942424
0.121295080524518
0.121849421547292
0.122359506562736
0.123585704426229
0.123736945160089
0.122809797714484
0.123231984485513
0.124493358429869
0.127722895067371
0.127734063026151
0.125127277472206
0.120740096450860
0.116270889046700
0.113878390257912
0.109192973380208
0.106342669807285
0.105945954681200
0.105824818745713
0.106323546340731
0.106705341517542
0.106905726135116
0.107056503088972
0.107055809915245
0.107128797275798
0.107116768969639
0.107082026438063
0.106943956196314
0.106836971987013
0.106736548966931
0.106632903686596
0.106564192908202
0.106543407024047
0.106528451068073
0.106520979995716
0.106518347869357
0.106518198626554
0.106518180223571
0.106518142729697
0.106518134885796
0.106518117348983
0.106518114560398
0.106518113651965
0.106518113049313
0.106518108711424
0.106518107636207
0.106518107593534
