# chanceToIncludeBestCorrelationModeWhole
0.020588235294118
0.029411764705882
0.052941176470588
0.085294117647059
0.097058823529412
0.117647058823529
0.197058823529412
0.288235294117647
0.341176470588235
0.391176470588235
0.423529411764706
0.447058823529412
0.476470588235294
0.517647058823529
0.544117647058823
0.573529411764706
0.600000000000000
0.623529411764706
0.641176470588235
0.652941176470588
0.667647058823529
0.679411764705882
0.694117647058823
0.700000000000000
0.705882352941176
0.711764705882353
0.726470588235294
0.726470588235294
0.735294117647059
0.747058823529411
0.758823529411764
0.767647058823529
0.785294117647058
0.791176470588235
0.794117647058823
0.797058823529411
0.800000000000000
0.800000000000000
0.802941176470588
0.811764705882352
0.826470588235294
0.826470588235294
0.829411764705882
0.835294117647058
0.841176470588235
0.844117647058823
0.844117647058823
0.844117647058823
0.847058823529411
0.849999999999999
0.849999999999999
0.849999999999999
0.852941176470588
0.858823529411764
0.864705882352941
0.864705882352941
0.867647058823529
0.873529411764705
0.876470588235293
0.885294117647058
0.888235294117646
0.888235294117646
0.888235294117646
0.888235294117646
0.888235294117646
0.891176470588235
0.894117647058823
0.894117647058823
0.897058823529411
0.897058823529411
0.897058823529411
0.897058823529411
0.899999999999999
0.902941176470587
0.902941176470587
0.905882352941176
0.911764705882352
0.917647058823529
0.920588235294117
0.920588235294117
0.920588235294117
0.923529411764705
0.926470588235293
0.926470588235293
0.929411764705881
0.929411764705881
0.932352941176470
0.932352941176470
0.932352941176470
0.932352941176470
0.935294117647058
0.935294117647058
0.935294117647058
0.935294117647058
0.935294117647058
0.935294117647058
0.935294117647058
0.935294117647058
0.935294117647058
0.935294117647058
0.938235294117646
0.938235294117646
0.941176470588234
0.944117647058823
0.947058823529411
0.949999999999999
0.949999999999999
0.952941176470587
0.952941176470587
0.952941176470587
0.952941176470587
0.952941176470587
0.952941176470587
0.952941176470587
0.952941176470587
0.955882352941176
0.955882352941176
0.955882352941176
0.958823529411764
0.958823529411764
0.958823529411764
0.958823529411764
0.958823529411764
0.958823529411764
0.961764705882352
0.961764705882352
0.961764705882352
0.964705882352940
0.964705882352940
0.964705882352940
0.964705882352940
0.964705882352940
0.964705882352940
0.964705882352940
0.967647058823528
0.967647058823528
0.967647058823528
0.967647058823528
0.967647058823528
0.970588235294117
0.970588235294117
0.973529411764705
0.973529411764705
0.973529411764705
0.973529411764705
0.976470588235293
0.976470588235293
0.976470588235293
0.976470588235293
0.976470588235293
0.976470588235293
0.976470588235293
0.979411764705881
0.979411764705881
0.979411764705881
0.979411764705881
0.979411764705881
0.979411764705881
0.979411764705881
0.979411764705881
0.979411764705881
0.979411764705881
0.979411764705881
0.979411764705881
0.979411764705881
0.979411764705881
0.979411764705881
0.979411764705881
0.979411764705881
0.979411764705881
0.979411764705881
0.979411764705881
0.979411764705881
0.979411764705881
0.982352941176470
0.985294117647058
0.985294117647058
0.985294117647058
0.985294117647058
0.985294117647058
0.985294117647058
0.985294117647058
0.985294117647058
0.985294117647058
0.985294117647058
0.988235294117646
0.988235294117646
0.988235294117646
0.988235294117646
0.988235294117646
0.991176470588234
0.991176470588234
0.991176470588234
0.991176470588234
0.991176470588234
0.991176470588234
0.991176470588234
0.991176470588234
0.991176470588234
0.991176470588234
0.991176470588234
0.991176470588234
0.991176470588234
0.991176470588234
0.991176470588234
0.991176470588234
0.991176470588234
0.991176470588234
0.991176470588234
0.991176470588234
0.991176470588234
0.991176470588234
0.991176470588234
0.991176470588234
0.991176470588234
0.991176470588234
0.991176470588234
0.991176470588234
0.991176470588234
0.991176470588234
0.991176470588234
0.991176470588234
0.991176470588234
0.991176470588234
0.991176470588234
0.991176470588234
0.994117647058822
0.994117647058822
0.994117647058822
0.994117647058822
0.994117647058822
0.994117647058822
0.994117647058822
0.994117647058822
0.994117647058822
0.994117647058822
0.994117647058822
0.994117647058822
0.994117647058822
0.994117647058822
0.994117647058822
0.994117647058822
0.994117647058822
0.994117647058822
0.994117647058822
0.994117647058822
0.994117647058822
0.994117647058822
0.994117647058822
0.994117647058822
0.994117647058822
0.994117647058822
0.994117647058822
0.997058823529411
0.997058823529411
0.997058823529411
0.997058823529411
0.997058823529411
0.997058823529411
0.997058823529411
0.997058823529411
0.997058823529411
0.997058823529411
0.997058823529411
0.997058823529411
0.997058823529411
0.997058823529411
0.997058823529411
0.997058823529411
0.997058823529411
0.997058823529411
0.997058823529411
0.997058823529411
0.997058823529411
0.997058823529411
0.997058823529411
0.997058823529411
0.997058823529411
0.997058823529411
0.997058823529411
0.997058823529411
0.997058823529411
0.997058823529411
0.997058823529411
0.997058823529411
0.997058823529411
0.997058823529411
0.997058823529411
0.997058823529411
0.997058823529411
0.997058823529411
0.997058823529411
0.997058823529411
0.997058823529411
0.997058823529411
0.997058823529411
0.997058823529411
0.997058823529411
0.997058823529411
0.997058823529411
0.997058823529411
0.997058823529411
0.997058823529411
0.997058823529411
0.997058823529411
0.997058823529411
0.997058823529411
0.997058823529411
0.997058823529411
0.997058823529411
0.997058823529411
0.997058823529411
0.997058823529411
0.997058823529411
0.997058823529411
0.997058823529411
0.997058823529411
0.997058823529411
0.997058823529411
0.997058823529411
0.997058823529411
0.997058823529411
0.997058823529411
0.997058823529411
0.997058823529411
0.997058823529411
0.997058823529411
0.997058823529411
0.997058823529411
0.997058823529411
0.997058823529411
0.997058823529411
0.997058823529411
0.997058823529411
0.997058823529411
0.997058823529411
0.997058823529411
0.997058823529411
0.997058823529411
0.997058823529411
0.997058823529411
0.997058823529411
0.997058823529411
0.997058823529411
0.997058823529411
0.997058823529411
0.997058823529411
0.997058823529411
0.997058823529411
0.997058823529411
0.997058823529411
0.997058823529411
0.999999999999999
0.999999999999999
0.999999999999999
0.999999999999999
0.999999999999999
0.999999999999999
0.999999999999999
0.999999999999999
0.999999999999999
0.999999999999999
0.999999999999999
0.999999999999999
0.999999999999999
0.999999999999999
0.999999999999999
0.999999999999999
0.999999999999999
0.999999999999999
0.999999999999999
0.999999999999999
0.999999999999999
0.999999999999999
0.999999999999999
0.999999999999999
0.999999999999999
0.999999999999999
0.999999999999999
0.999999999999999
0.999999999999999
0.999999999999999
0.999999999999999
0.999999999999999
0.999999999999999
0.999999999999999
0.999999999999999
0.999999999999999
0.999999999999999
0.999999999999999
0.999999999999999
0.999999999999999
0.999999999999999
0.999999999999999
0.999999999999999
0.999999999999999
0.999999999999999
0.999999999999999
0.999999999999999
0.999999999999999
0.999999999999999
0.999999999999999
0.999999999999999
0.999999999999999
0.999999999999999
0.999999999999999
