# chanceToIncludeBestOverlapModeInterface
0.000000000000000
0.000000000000000
0.000000000000000
0.000000000000000
0.000000000000000
0.000000000000000
0.070588235294118
0.123529411764706
0.158823529411765
0.197058823529412
0.220588235294118
0.250000000000000
0.270588235294118
0.302941176470588
0.317647058823529
0.341176470588235
0.350000000000000
0.367647058823529
0.382352941176471
0.411764705882353
0.423529411764706
0.452941176470588
0.467647058823529
0.479411764705882
0.494117647058824
0.500000000000000
0.517647058823530
0.526470588235294
0.532352941176471
0.535294117647059
0.552941176470588
0.561764705882353
0.561764705882353
0.570588235294118
0.573529411764706
0.573529411764706
0.582352941176471
0.588235294117647
0.591176470588235
0.591176470588235
0.594117647058824
0.600000000000000
0.600000000000000
0.602941176470588
0.605882352941176
0.617647058823529
0.629411764705882
0.632352941176470
0.632352941176470
0.644117647058823
0.652941176470588
0.658823529411764
0.664705882352941
0.667647058823529
0.670588235294117
0.670588235294117
0.676470588235294
0.682352941176470
0.685294117647058
0.685294117647058
0.688235294117647
0.694117647058823
0.697058823529411
0.700000000000000
0.702941176470588
0.702941176470588
0.702941176470588
0.705882352941176
0.717647058823529
0.723529411764705
0.726470588235294
0.729411764705882
0.735294117647058
0.735294117647058
0.744117647058823
0.752941176470588
0.752941176470588
0.755882352941176
0.761764705882352
0.767647058823529
0.773529411764705
0.776470588235293
0.782352941176470
0.785294117647058
0.785294117647058
0.785294117647058
0.785294117647058
0.785294117647058
0.785294117647058
0.785294117647058
0.797058823529411
0.805882352941176
0.808823529411764
0.811764705882352
0.823529411764705
0.823529411764705
0.823529411764705
0.823529411764705
0.823529411764705
0.826470588235293
0.829411764705882
0.829411764705882
0.832352941176470
0.832352941176470
0.835294117647058
0.838235294117646
0.838235294117646
0.841176470588234
0.841176470588234
0.841176470588234
0.844117647058823
0.844117647058823
0.844117647058823
0.844117647058823
0.844117647058823
0.849999999999999
0.849999999999999
0.855882352941176
0.858823529411764
0.858823529411764
0.858823529411764
0.858823529411764
0.867647058823528
0.867647058823528
0.867647058823528
0.870588235294117
0.870588235294117
0.870588235294117
0.870588235294117
0.870588235294117
0.870588235294117
0.873529411764705
0.876470588235293
0.876470588235293
0.876470588235293
0.876470588235293
0.876470588235293
0.879411764705881
0.879411764705881
0.879411764705881
0.879411764705881
0.879411764705881
0.879411764705881
0.879411764705881
0.882352941176470
0.882352941176470
0.891176470588234
0.891176470588234
0.894117647058822
0.894117647058822
0.894117647058822
0.897058823529411
0.897058823529411
0.897058823529411
0.897058823529411
0.899999999999999
0.899999999999999
0.899999999999999
0.899999999999999
0.899999999999999
0.899999999999999
0.899999999999999
0.902941176470587
0.902941176470587
0.902941176470587
0.905882352941175
0.905882352941175
0.905882352941175
0.905882352941175
0.908823529411764
0.911764705882352
0.914705882352940
0.914705882352940
0.917647058823528
0.920588235294116
0.920588235294116
0.920588235294116
0.920588235294116
0.923529411764705
0.923529411764705
0.923529411764705
0.926470588235293
0.926470588235293
0.929411764705881
0.929411764705881
0.929411764705881
0.929411764705881
0.929411764705881
0.935294117647058
0.935294117647058
0.935294117647058
0.935294117647058
0.935294117647058
0.935294117647058
0.935294117647058
0.935294117647058
0.938235294117646
0.941176470588234
0.944117647058822
0.944117647058822
0.944117647058822
0.947058823529411
0.952941176470587
0.952941176470587
0.952941176470587
0.952941176470587
0.952941176470587
0.952941176470587
0.955882352941175
0.955882352941175
0.955882352941175
0.955882352941175
0.955882352941175
0.955882352941175
0.955882352941175
0.955882352941175
0.955882352941175
0.955882352941175
0.955882352941175
0.955882352941175
0.955882352941175
0.955882352941175
0.955882352941175
0.955882352941175
0.955882352941175
0.955882352941175
0.955882352941175
0.955882352941175
0.958823529411763
0.961764705882352
0.961764705882352
0.961764705882352
0.961764705882352
0.961764705882352
0.961764705882352
0.961764705882352
0.961764705882352
0.961764705882352
0.961764705882352
0.961764705882352
0.961764705882352
0.961764705882352
0.967647058823528
0.967647058823528
0.967647058823528
0.967647058823528
0.967647058823528
0.970588235294116
0.970588235294116
0.970588235294116
0.970588235294116
0.970588235294116
0.970588235294116
0.970588235294116
0.970588235294116
0.970588235294116
0.970588235294116
0.973529411764705
0.973529411764705
0.973529411764705
0.973529411764705
0.973529411764705
0.973529411764705
0.973529411764705
0.973529411764705
0.973529411764705
0.973529411764705
0.973529411764705
0.973529411764705
0.973529411764705
0.973529411764705
0.976470588235293
0.976470588235293
0.976470588235293
0.976470588235293
0.976470588235293
0.976470588235293
0.976470588235293
0.976470588235293
0.976470588235293
0.976470588235293
0.976470588235293
0.976470588235293
0.976470588235293
0.976470588235293
0.976470588235293
0.976470588235293
0.976470588235293
0.976470588235293
0.976470588235293
0.976470588235293
0.976470588235293
0.976470588235293
0.976470588235293
0.976470588235293
0.976470588235293
0.976470588235293
0.976470588235293
0.976470588235293
0.976470588235293
0.976470588235293
0.976470588235293
0.976470588235293
0.976470588235293
0.976470588235293
0.976470588235293
0.976470588235293
0.976470588235293
0.976470588235293
0.976470588235293
0.976470588235293
0.976470588235293
0.976470588235293
0.976470588235293
0.976470588235293
0.976470588235293
0.976470588235293
0.976470588235293
0.982352941176469
0.982352941176469
0.982352941176469
0.982352941176469
0.982352941176469
0.982352941176469
0.982352941176469
0.982352941176469
0.982352941176469
0.982352941176469
0.982352941176469
0.982352941176469
0.982352941176469
0.982352941176469
0.982352941176469
0.985294117647057
0.985294117647057
0.985294117647057
0.985294117647057
0.985294117647057
0.985294117647057
0.985294117647057
0.985294117647057
0.985294117647057
0.988235294117646
0.988235294117646
0.988235294117646
0.988235294117646
0.988235294117646
0.991176470588234
0.991176470588234
0.991176470588234
0.991176470588234
0.991176470588234
0.991176470588234
0.991176470588234
0.991176470588234
0.991176470588234
0.991176470588234
0.991176470588234
0.991176470588234
0.991176470588234
0.991176470588234
0.991176470588234
0.991176470588234
0.994117647058822
0.994117647058822
0.994117647058822
0.994117647058822
0.994117647058822
0.994117647058822
0.994117647058822
0.994117647058822
0.994117647058822
0.994117647058822
0.997058823529410
0.997058823529410
0.997058823529410
0.997058823529410
0.997058823529410
0.997058823529410
0.997058823529410
0.997058823529410
0.997058823529410
0.997058823529410
0.997058823529410
0.997058823529410
0.997058823529410
0.997058823529410
0.997058823529410
0.997058823529410
0.997058823529410
0.997058823529410
0.997058823529410
0.997058823529410
0.997058823529410
0.997058823529410
0.997058823529410
0.997058823529410
0.997058823529410
0.997058823529410
0.997058823529410
0.997058823529410
0.997058823529410
0.997058823529410
0.999999999999999
0.999999999999999
0.999999999999999
