# chanceToIncludeBestOverlapModeWhole
0.000000000000000
0.000000000000000
0.000000000000000
0.000000000000000
0.000000000000000
0.000000000000000
0.241176470588235
0.432352941176471
0.508823529411765
0.576470588235294
0.647058823529412
0.691176470588235
0.717647058823529
0.752941176470588
0.776470588235294
0.791176470588235
0.802941176470588
0.820588235294118
0.832352941176470
0.844117647058823
0.855882352941176
0.864705882352941
0.864705882352941
0.876470588235294
0.882352941176470
0.888235294117647
0.891176470588235
0.897058823529411
0.905882352941176
0.911764705882352
0.914705882352941
0.917647058823529
0.920588235294117
0.923529411764705
0.923529411764705
0.923529411764705
0.926470588235294
0.926470588235294
0.932352941176470
0.932352941176470
0.935294117647058
0.935294117647058
0.935294117647058
0.941176470588235
0.941176470588235
0.941176470588235
0.944117647058823
0.944117647058823
0.944117647058823
0.947058823529411
0.949999999999999
0.949999999999999
0.949999999999999
0.949999999999999
0.949999999999999
0.949999999999999
0.949999999999999
0.949999999999999
0.952941176470588
0.952941176470588
0.952941176470588
0.952941176470588
0.952941176470588
0.955882352941176
0.955882352941176
0.955882352941176
0.955882352941176
0.955882352941176
0.955882352941176
0.958823529411764
0.958823529411764
0.961764705882352
0.961764705882352
0.961764705882352
0.964705882352941
0.967647058823529
0.967647058823529
0.967647058823529
0.967647058823529
0.967647058823529
0.970588235294117
0.970588235294117
0.970588235294117
0.970588235294117
0.970588235294117
0.970588235294117
0.970588235294117
0.970588235294117
0.970588235294117
0.970588235294117
0.970588235294117
0.973529411764705
0.973529411764705
0.976470588235293
0.976470588235293
0.976470588235293
0.976470588235293
0.976470588235293
0.976470588235293
0.976470588235293
0.976470588235293
0.976470588235293
0.976470588235293
0.976470588235293
0.976470588235293
0.976470588235293
0.976470588235293
0.976470588235293
0.976470588235293
0.976470588235293
0.976470588235293
0.976470588235293
0.976470588235293
0.979411764705882
0.979411764705882
0.979411764705882
0.979411764705882
0.979411764705882
0.982352941176470
0.982352941176470
0.982352941176470
0.982352941176470
0.982352941176470
0.982352941176470
0.982352941176470
0.982352941176470
0.982352941176470
0.982352941176470
0.982352941176470
0.982352941176470
0.982352941176470
0.982352941176470
0.982352941176470
0.982352941176470
0.982352941176470
0.982352941176470
0.982352941176470
0.982352941176470
0.982352941176470
0.982352941176470
0.982352941176470
0.982352941176470
0.982352941176470
0.985294117647058
0.985294117647058
0.985294117647058
0.985294117647058
0.985294117647058
0.985294117647058
0.985294117647058
0.985294117647058
0.985294117647058
0.985294117647058
0.985294117647058
0.985294117647058
0.988235294117646
0.988235294117646
0.988235294117646
0.991176470588235
0.991176470588235
0.991176470588235
0.991176470588235
0.991176470588235
0.991176470588235
0.991176470588235
0.991176470588235
0.994117647058823
0.994117647058823
0.994117647058823
0.994117647058823
0.994117647058823
0.994117647058823
0.994117647058823
0.994117647058823
0.994117647058823
0.994117647058823
0.994117647058823
0.994117647058823
0.994117647058823
0.994117647058823
0.994117647058823
0.994117647058823
0.994117647058823
0.994117647058823
0.994117647058823
0.994117647058823
0.994117647058823
0.994117647058823
0.994117647058823
0.994117647058823
0.994117647058823
0.994117647058823
0.994117647058823
0.994117647058823
0.994117647058823
0.994117647058823
0.994117647058823
0.994117647058823
0.994117647058823
0.997058823529411
0.997058823529411
0.997058823529411
0.997058823529411
0.997058823529411
0.997058823529411
0.997058823529411
0.999999999999999
0.999999999999999
0.999999999999999
0.999999999999999
0.999999999999999
0.999999999999999
0.999999999999999
0.999999999999999
0.999999999999999
0.999999999999999
0.999999999999999
0.999999999999999
0.999999999999999
0.999999999999999
0.999999999999999
0.999999999999999
0.999999999999999
0.999999999999999
0.999999999999999
0.999999999999999
0.999999999999999
0.999999999999999
0.999999999999999
0.999999999999999
0.999999999999999
0.999999999999999
0.999999999999999
0.999999999999999
0.999999999999999
0.999999999999999
0.999999999999999
0.999999999999999
0.999999999999999
0.999999999999999
0.999999999999999
0.999999999999999
0.999999999999999
0.999999999999999
0.999999999999999
0.999999999999999
0.999999999999999
0.999999999999999
0.999999999999999
0.999999999999999
0.999999999999999
0.999999999999999
0.999999999999999
0.999999999999999
0.999999999999999
0.999999999999999
0.999999999999999
0.999999999999999
0.999999999999999
0.999999999999999
0.999999999999999
0.999999999999999
0.999999999999999
0.999999999999999
0.999999999999999
0.999999999999999
0.999999999999999
0.999999999999999
0.999999999999999
0.999999999999999
0.999999999999999
0.999999999999999
0.999999999999999
0.999999999999999
0.999999999999999
0.999999999999999
0.999999999999999
0.999999999999999
0.999999999999999
0.999999999999999
0.999999999999999
0.999999999999999
0.999999999999999
0.999999999999999
0.999999999999999
0.999999999999999
0.999999999999999
0.999999999999999
0.999999999999999
0.999999999999999
0.999999999999999
0.999999999999999
0.999999999999999
0.999999999999999
0.999999999999999
0.999999999999999
0.999999999999999
0.999999999999999
0.999999999999999
0.999999999999999
0.999999999999999
0.999999999999999
0.999999999999999
0.999999999999999
0.999999999999999
0.999999999999999
0.999999999999999
0.999999999999999
0.999999999999999
0.999999999999999
0.999999999999999
0.999999999999999
0.999999999999999
0.999999999999999
0.999999999999999
0.999999999999999
0.999999999999999
0.999999999999999
0.999999999999999
0.999999999999999
0.999999999999999
0.999999999999999
0.999999999999999
0.999999999999999
0.999999999999999
0.999999999999999
0.999999999999999
0.999999999999999
0.999999999999999
0.999999999999999
0.999999999999999
0.999999999999999
0.999999999999999
0.999999999999999
0.999999999999999
0.999999999999999
0.999999999999999
0.999999999999999
0.999999999999999
0.999999999999999
0.999999999999999
0.999999999999999
0.999999999999999
0.999999999999999
0.999999999999999
0.999999999999999
0.999999999999999
0.999999999999999
0.999999999999999
0.999999999999999
0.999999999999999
0.999999999999999
0.999999999999999
0.999999999999999
0.999999999999999
0.999999999999999
0.999999999999999
0.999999999999999
0.999999999999999
0.999999999999999
0.999999999999999
0.999999999999999
0.999999999999999
0.999999999999999
0.999999999999999
0.999999999999999
0.999999999999999
0.999999999999999
0.999999999999999
0.999999999999999
0.999999999999999
0.999999999999999
0.999999999999999
0.999999999999999
0.999999999999999
0.999999999999999
0.999999999999999
0.999999999999999
0.999999999999999
0.999999999999999
0.999999999999999
0.999999999999999
0.999999999999999
0.999999999999999
0.999999999999999
0.999999999999999
0.999999999999999
0.999999999999999
0.999999999999999
0.999999999999999
0.999999999999999
0.999999999999999
0.999999999999999
0.999999999999999
0.999999999999999
0.999999999999999
0.999999999999999
0.999999999999999
0.999999999999999
0.999999999999999
0.999999999999999
0.999999999999999
0.999999999999999
0.999999999999999
0.999999999999999
0.999999999999999
