# chanceToIncludeBestCorrelationModeInterface
0.020588235294118
0.047058823529412
0.064705882352941
0.073529411764706
0.091176470588235
0.108823529411765
0.135294117647059
0.167647058823529
0.188235294117647
0.223529411764706
0.250000000000000
0.264705882352941
0.276470588235294
0.288235294117647
0.297058823529412
0.305882352941176
0.314705882352941
0.329411764705882
0.338235294117647
0.344117647058824
0.352941176470588
0.364705882352941
0.367647058823529
0.370588235294118
0.376470588235294
0.394117647058824
0.397058823529412
0.405882352941177
0.414705882352941
0.420588235294118
0.432352941176471
0.438235294117647
0.444117647058824
0.444117647058824
0.455882352941177
0.455882352941177
0.467647058823529
0.473529411764706
0.479411764705882
0.485294117647059
0.488235294117647
0.491176470588235
0.491176470588235
0.508823529411765
0.511764705882353
0.523529411764706
0.526470588235294
0.532352941176470
0.535294117647059
0.538235294117647
0.544117647058823
0.544117647058823
0.550000000000000
0.564705882352941
0.567647058823529
0.576470588235294
0.576470588235294
0.582352941176470
0.585294117647059
0.585294117647059
0.591176470588235
0.591176470588235
0.594117647058823
0.594117647058823
0.597058823529411
0.605882352941176
0.605882352941176
0.608823529411764
0.614705882352941
0.614705882352941
0.623529411764705
0.626470588235294
0.632352941176470
0.632352941176470
0.641176470588235
0.641176470588235
0.641176470588235
0.641176470588235
0.647058823529411
0.649999999999999
0.649999999999999
0.655882352941176
0.658823529411764
0.664705882352941
0.664705882352941
0.664705882352941
0.664705882352941
0.664705882352941
0.664705882352941
0.676470588235293
0.685294117647058
0.685294117647058
0.691176470588235
0.699999999999999
0.699999999999999
0.705882352941176
0.708823529411764
0.711764705882352
0.711764705882352
0.720588235294117
0.726470588235293
0.729411764705882
0.729411764705882
0.729411764705882
0.732352941176470
0.735294117647058
0.735294117647058
0.735294117647058
0.735294117647058
0.735294117647058
0.738235294117646
0.744117647058823
0.747058823529411
0.747058823529411
0.747058823529411
0.749999999999999
0.752941176470587
0.755882352941176
0.755882352941176
0.755882352941176
0.758823529411764
0.758823529411764
0.758823529411764
0.758823529411764
0.758823529411764
0.758823529411764
0.758823529411764
0.758823529411764
0.761764705882352
0.761764705882352
0.761764705882352
0.761764705882352
0.764705882352940
0.767647058823528
0.767647058823528
0.770588235294117
0.770588235294117
0.770588235294117
0.773529411764705
0.776470588235293
0.776470588235293
0.782352941176470
0.788235294117646
0.791176470588234
0.794117647058822
0.797058823529411
0.802941176470587
0.808823529411764
0.814705882352940
0.814705882352940
0.814705882352940
0.814705882352940
0.817647058823528
0.817647058823528
0.817647058823528
0.820588235294117
0.823529411764705
0.823529411764705
0.823529411764705
0.823529411764705
0.823529411764705
0.826470588235293
0.826470588235293
0.826470588235293
0.826470588235293
0.826470588235293
0.826470588235293
0.826470588235293
0.832352941176469
0.835294117647058
0.835294117647058
0.835294117647058
0.835294117647058
0.838235294117646
0.841176470588234
0.841176470588234
0.841176470588234
0.841176470588234
0.844117647058822
0.844117647058822
0.847058823529411
0.849999999999999
0.849999999999999
0.849999999999999
0.849999999999999
0.852941176470587
0.852941176470587
0.852941176470587
0.852941176470587
0.852941176470587
0.855882352941175
0.855882352941175
0.855882352941175
0.855882352941175
0.855882352941175
0.855882352941175
0.855882352941175
0.858823529411763
0.858823529411763
0.858823529411763
0.861764705882352
0.864705882352940
0.867647058823528
0.867647058823528
0.867647058823528
0.867647058823528
0.870588235294116
0.870588235294116
0.870588235294116
0.876470588235293
0.879411764705881
0.879411764705881
0.879411764705881
0.879411764705881
0.879411764705881
0.882352941176469
0.888235294117646
0.888235294117646
0.888235294117646
0.891176470588234
0.891176470588234
0.891176470588234
0.891176470588234
0.891176470588234
0.891176470588234
0.891176470588234
0.891176470588234
0.891176470588234
0.891176470588234
0.894117647058822
0.894117647058822
0.894117647058822
0.894117647058822
0.894117647058822
0.894117647058822
0.894117647058822
0.894117647058822
0.894117647058822
0.894117647058822
0.894117647058822
0.894117647058822
0.894117647058822
0.897058823529410
0.897058823529410
0.897058823529410
0.897058823529410
0.897058823529410
0.897058823529410
0.897058823529410
0.897058823529410
0.897058823529410
0.897058823529410
0.897058823529410
0.897058823529410
0.897058823529410
0.897058823529410
0.897058823529410
0.897058823529410
0.905882352941175
0.905882352941175
0.905882352941175
0.911764705882351
0.911764705882351
0.911764705882351
0.911764705882351
0.914705882352940
0.917647058823528
0.920588235294116
0.923529411764704
0.923529411764704
0.923529411764704
0.926470588235293
0.926470588235293
0.926470588235293
0.926470588235293
0.926470588235293
0.926470588235293
0.929411764705881
0.929411764705881
0.929411764705881
0.929411764705881
0.929411764705881
0.929411764705881
0.929411764705881
0.932352941176469
0.932352941176469
0.932352941176469
0.932352941176469
0.932352941176469
0.932352941176469
0.932352941176469
0.935294117647057
0.935294117647057
0.935294117647057
0.935294117647057
0.935294117647057
0.935294117647057
0.935294117647057
0.935294117647057
0.935294117647057
0.935294117647057
0.935294117647057
0.935294117647057
0.935294117647057
0.935294117647057
0.935294117647057
0.938235294117646
0.941176470588234
0.941176470588234
0.941176470588234
0.941176470588234
0.941176470588234
0.941176470588234
0.941176470588234
0.941176470588234
0.941176470588234
0.941176470588234
0.944117647058822
0.947058823529410
0.947058823529410
0.947058823529410
0.947058823529410
0.949999999999998
0.949999999999998
0.949999999999998
0.949999999999998
0.949999999999998
0.949999999999998
0.949999999999998
0.949999999999998
0.949999999999998
0.949999999999998
0.952941176470587
0.952941176470587
0.952941176470587
0.952941176470587
0.952941176470587
0.952941176470587
0.955882352941175
0.955882352941175
0.955882352941175
0.955882352941175
0.958823529411763
0.958823529411763
0.961764705882351
0.961764705882351
0.964705882352940
0.964705882352940
0.967647058823528
0.967647058823528
0.967647058823528
0.967647058823528
0.967647058823528
0.967647058823528
0.967647058823528
0.967647058823528
0.967647058823528
0.973529411764704
0.976470588235292
0.976470588235292
0.976470588235292
0.976470588235292
0.976470588235292
0.976470588235292
0.976470588235292
0.976470588235292
0.979411764705881
0.979411764705881
0.979411764705881
0.979411764705881
0.979411764705881
0.979411764705881
0.979411764705881
0.979411764705881
0.979411764705881
0.982352941176469
0.982352941176469
0.985294117647057
0.988235294117645
0.988235294117645
0.988235294117645
0.988235294117645
0.988235294117645
0.988235294117645
0.988235294117645
0.988235294117645
0.988235294117645
0.988235294117645
0.988235294117645
0.988235294117645
0.988235294117645
0.988235294117645
0.988235294117645
0.988235294117645
0.988235294117645
0.988235294117645
0.988235294117645
0.988235294117645
0.988235294117645
0.988235294117645
0.988235294117645
0.991176470588234
0.991176470588234
0.994117647058822
0.994117647058822
0.999999999999998
