# listOfpdbName  # highestOverlapPosition  # highestOverlapValue  # highestCollectivityPosition  # highestCollectivityValue  # highestCorrelationPosition  # highestCorrelationValue
1A2K_l_u         11                        0.298188208672999      5                              0.983663059236884           107                           0.493361387134838
1A2K_r_u         12                        0.353719755688713      1                              0.946781743571901           10                            0.628493624570267
1ACB_l_u         12                        0.458303592045773      1                              0.946810125248013           19                            0.679805318975258
1ACB_r_u         50                        0.152849421393775      4                              0.980116045954041           59                            0.390970285996406
1AHW_l_u         7                         0.571439342487278      2                              0.946404100435600           40                            0.619839212303720
1AHW_r_u         13                        0.273814772865148      5                              0.965565221722091           8                             0.449100641898167
1AK4_l_u         11                        0.511894124481056      5                              0.924300915735396           9                             0.838663559881364
1AK4_r_u         6                         0.377646698452230      5                              0.856843100113009           52                            0.584138469842309
1AKJ_l_u         10                        0.176274758060922      5                              0.954041947210392           124                           0.511124754455774
1AKJ_r_u         6                         0.672281227387917      0                              0.986520853487222           8                             0.577389629538794
1ATN_l_u         143                       0.211737488105697      0                              0.956338602813476           57                            0.598305207712528
1ATN_r_u         6                         0.564174377728980      2                              0.941897669327961           7                             0.900640055170723
1AVX_l_u         12                        0.251339625212042      1                              0.914256574448271           26                            0.434100366517024
1AVX_r_u         6                         0.400371512213740      5                              0.861529721434858           17                            0.371400030091828
1AY7_l_u         7                         0.271124033528255      5                              0.945300927344168           5                             0.519259514676750
1AY7_r_u         7                         0.427191968220638      0                              0.907537604199447           7                             0.676602710238084
1AZS_l_u         10                        0.292725102139072      5                              0.955374362127779           84                            0.547120497005921
1AZS_r_u         11                        0.256664120877024      1                              0.921726821893740           1                             0.662437184112760
1B6C_l_u         6                         0.319512640829338      5                              0.897972475532940           9                             0.608761288632082
1B6C_r_u         6                         0.381917439574563      3                              0.895791865025287           9                             0.601160289921654
1BGX_l_u         6                         0.117398890629866      4                              0.977767034913437           105                           0.405463130384233
1BGX_r_u         6                         0.671364985346146      0                              0.832033565692001           6                             0.518648633554159
1BJ1_l_u         10                        0.383337109411105      3                              0.897860165977209           8                             0.751739629029915
1BKD_l_u         9                         0.425906379020820      4                              0.976256079880702           5                             0.568636280913752
1BKD_r_u         11                        0.433972690793999      4                              0.930435980064670           58                            0.748809216775317
1BUH_l_u         18                        0.238378185486468      0                              0.954074876439010           18                            0.453385304253570
1BUH_r_u         7                         0.460607538900036      4                              0.922805452221459           73                            0.606424913502485
1BVK_l_u         36                        0.372870618528947      2                              0.819880478723665           36                            0.588430845404181
1BVK_r_u         6                         0.457338971172222      3                              0.993089519100365           13                            0.547942974611745
1BVN_l_u         10                        0.252466236554808      3                              0.975748288377807           15                            0.537731144796984
1BVN_r_u         6                         0.297617579809268      0                              0.930360878868683           190                           0.487657416299244
1CGI_l_u         7                         0.596490268445438      3                              0.934131840070400           2                             0.670837377791613
1CGI_r_u         16                        0.225371342898373      1                              0.962942144142835           0                             0.472943996521777
1CLV_l_u         8                         0.304596641264681      2                              0.916982032243458           28                            0.560349100199793
1CLV_r_u         7                         0.234258555866661      3                              0.925212752163528           29                            0.420467237906977
1D6R_l_u         6                         0.470924590655735      2                              0.952140311721450           22                            0.522704425052827
1D6R_r_u         8                         0.216433597376718      0                              0.983715970480568           26                            0.625966977814715
1DE4_l_u         12                        0.244168195090467      0                              0.907788936127810           26                            0.399781914656946
1DE4_r_u         6                         0.283578398998545      5                              0.905129547566481           152                           0.681713614939270
1DFJ_l_u         6                         0.803999206181237      0                              0.845633899891207           6                             0.824491219659961
1DFJ_r_u         7                         0.352300089755243      0                              0.989726085704779           23                            0.487989637510831
1DQJ_l_u         8                         0.406262409029414      2                              0.823492695683195           43                            0.553912251492978
1DQJ_r_u         7                         0.613480990439547      4                              0.920114040110767           54                            0.527124960172694
1E4K_l_u         7                         0.642568870294488      5                              0.976769573488916           7                             0.614204609822741
1E4K_r_u         7                         0.719529443043039      4                              0.977658353099081           7                             0.773464890526008
1E6E_l_u         7                         0.678482456386387      1                              0.983987653197229           7                             0.929800160608054
1E6E_r_u         6                         0.521243288223216      4                              0.937850557459689           11                            0.778058475663920
1E6J_l_u         6                         0.541626979901237      3                              0.848916934880962           11                            0.624351333589381
1E6J_r_u         10                        0.452812732092811      0                              0.816597925013096           226                           0.397450410827784
1E96_l_u         8                         0.415426066627648      1                              0.916421944565452           8                             0.556564433198518
1E96_r_u         17                        0.316910271568107      2                              0.871947887524697           13                            0.646805879614544
1EAW_l_u         6                         0.346520591418295      0                              0.898878467673185           23                            0.392996081841651
1EAW_r_u         7                         0.249268653435758      5                              0.932362635131781           12                            0.503129995557980
1EER_l_u         17                        0.641531837935524      2                              0.952513769196363           17                            0.558371121941765
1EER_r_u         11                        0.380360548879554      2                              0.871168811116637           11                            0.595808787565244
1EFN_l_u         16                        0.272531759675872      4                              0.912384520726361           8                             0.712769669000946
1EFN_r_u         10                        0.302654825924652      0                              0.819210674784610           6                             0.515759520918843
1EWY_l_u         10                        0.268927694385679      5                              0.844086207322755           10                            0.505509999617115
1EWY_r_u         10                        0.303712360277707      3                              0.904985359664381           10                            0.628917427738853
1EZU_l_u         8                         0.505275520520190      5                              0.937756975654287           7                             0.724494960594823
1EZU_r_u         9                         0.203309351974425      0                              0.946526157326040           12                            0.349520938787283
1F34_l_u         8                         0.632929865574676      4                              0.946369588671762           33                            0.621241968488307
1F34_r_u         6                         0.369982975360559      5                              0.943230146461017           20                            0.429873864204969
1F51_l_u         28                        0.242251385888996      0                              0.940093652492695           21                            0.556827049838006
1F51_r_u         6                         0.392860739748049      3                              0.967400681227113           13                            0.787639524374010
1F6M_l_u         10                        0.252465726396969      5                              0.931093018275201           3                             0.572030176483756
1F6M_r_u         7                         0.791506733042752      5                              0.968990232890663           7                             0.695055442115809
1FAK_l_u         21                        0.390519579007746      2                              0.922244694302601           21                            0.813517498097537
1FAK_r_u         7                         0.705411609659662      0                              0.960614202829211           9                             0.865552114138703
1FC2_l_u         7                         0.312866538546390      0                              0.915213033656210           3                             0.403525893332863
1FC2_r_u         28                        0.407930600566474      7                              0.879328052157472           0                             0.597410147809717
1FCC_l_u         91                        0.244599503308151      4                              0.893438824657325           18                            0.408669997124917
1FCC_r_u         6                         0.545750280717104      5                              0.870390350927553           6                             0.697008348534107
1FFW_l_u         206                       0.230446232271250      2                              0.922888642298300           5                             0.431583729959501
1FFW_r_u         7                         0.417096295318403      1                              0.944522799788742           7                             0.751375252671193
1FLE_l_u         29                        0.286583166175992      1                              0.957457202797524           3                             0.465431520870440
1FLE_r_u         8                         0.282454244003768      5                              0.901779370532927           40                            0.494082184799894
1FQ1_l_u         7                         0.318569971797874      2                              0.975509632390657           6                             0.532255198878859
1FQ1_r_u         8                         0.497958119597322      5                              0.980870357875817           16                            0.671068169528687
1FQJ_l_u         11                        0.525997633139213      2                              0.906236518970200           14                            0.375118466420647
1FQJ_r_u         9                         0.347579352207820      5                              0.941060838561212           34                            0.515394442783949
1FSK_l_u         23                        0.191785816558266      5                              0.908797340241006           15                            0.426796794597749
1GCQ_l_u         14                        0.317471848416658      5                              0.959271635326640           9                             0.742231826570813
1GCQ_r_u         58                        0.373400317954825      4                              0.990384748920906           32                            0.832824167717684
1GHQ_l_u         7                         0.509093653183600      0                              0.960903673368271           7                             0.602526172907492
1GHQ_r_u         6                         0.450895686258286      4                              0.891002140568004           1                             0.550349796342549
1GL1_l_u         7                         0.467274993307214      3                              0.934963232174656           9                             0.529066600270035
1GL1_r_u         6                         0.239409773960257      2                              0.993129780116885           0                             0.415664302219821
1GLA_l_u         6                         0.193225545160544      5                              0.906886222941784           39                            0.438068343437601
1GLA_r_u         11                        0.252510784260546      5                              0.907657283832118           11                            0.597197350283442
1GP2_l_u         6                         0.452256821809141      5                              0.936196689487955           103                           0.634181534046761
1GP2_r_u         7                         0.311572419730573      3                              0.932251342910582           75                            0.465577096068410
1GPW_l_u         7                         0.214529404869333      5                              0.861617104365138           16                            0.546820167830596
1GPW_r_u         6                         0.444144091172846      1                              0.896360630472094           10                            0.793173213490401
1GRN_l_u         6                         0.388340991893679      3                              0.945489020523187           20                            0.510799767480607
1GRN_r_u         8                         0.414878142836856      4                              0.863491512065770           15                            0.641409606689538
1GXD_l_u         6                         0.449315074403967      0                              0.903340213314512           10                            0.631797147722494
1GXD_r_u         7                         0.667698956072373      2                              0.867769497578251           3                             0.600818661180999
1H1V_l_u         9                         0.290222046143845      5                              0.935076827926614           5                             0.671306691444679
1H1V_r_u         6                         0.612868392908825      0                              0.925769579622035           7                             0.884615069822207
1H9D_l_u         46                        0.239361800637280      3                              0.948254598258407           81                            0.517248550725106
1H9D_r_u         6                         0.365914346906373      2                              0.882615491012333           15                            0.480472516619880
1HCF_l_u         10                        0.402708228024464      3                              0.895253149266348           10                            0.660187642816858
1HCF_r_u         8                         0.370103734766263      0                              0.978590190056459           9                             0.609498272201303
1HE1_l_u         16                        0.414058365288677      2                              0.826002040775746           16                            0.527827768476628
1HE1_r_u         10                        0.476996012338297      2                              0.961920403365610           3                             0.524375224214229
1HE8_l_u         9                         0.195709543301923      0                              0.860234602958979           18                            0.570495171213934
1HE8_r_u         80                        0.201868555596320      5                              0.923524127203422           102                           0.463534286808087
1HIA_l_u         6                         0.449905792272875      1                              0.965562817359046           40                            0.400336889610684
1HIA_r_u         13                        0.547343328005528      4                              0.818657099209173           13                            0.823703755997931
1I2M_l_u         20                        0.233734210199939      2                              0.904824565767778           15                            0.654870696004815
1I2M_r_u         18                        0.220081912944247      2                              0.917278855211809           14                            0.496320621046821
1I4D_l_u         16                        0.243116621809212      0                              0.917743748253202           32                            0.507706981377712
1I4D_r_u         10                        0.394211668011331      5                              0.904129377154841           77                            0.699808348513021
1I9R_r_u         113                       0.249917397378003      5                              0.934655313842939           352                           0.552100955995201
1IB1_l_u         6                         0.521882330065525      1                              0.953253715494100           8                             0.823905866260357
1IB1_r_u         10                        0.434042378885969      3                              0.939754427648105           11                            0.596425292163813
1IBR_l_u         7                         0.773483302931194      5                              0.977440914610572           7                             0.824440427677455
1IBR_r_u         30                        0.333923661632948      1                              0.964113074808986           39                            0.650297942110265
1IJK_l_u         15                        0.263348270496717      2                              0.865166700019021           31                            0.560134634200604
1IJK_r_u         6                         0.464654910022848      5                              0.980039877545679           26                            0.592156852462557
1IQD_l_u         14                        0.369186478139713      0                              0.978442566796402           15                            0.796806500009876
1IRA_l_u         18                        0.175714660349371      5                              0.933780225618616           82                            0.544031251043890
1IRA_r_u         13                        0.327627249645957      5                              0.927187897818373           1                             0.526953847500741
1J2J_l_u         6                         0.672416033945466      3                              0.998292257630082           6                             0.744623320835009
1J2J_r_u         8                         0.321607778868813      5                              0.902759356257709           6                             0.797421455647876
1JIW_l_u         7                         0.302727342785862      3                              0.929329033578460           7                             0.652096046832994
1JIW_r_u         14                        0.339008379419089      3                              0.967227576323157           32                            0.842103896197698
1JK9_l_u         40                        0.221603682553945      1                              0.912451110461981           49                            0.388351677805202
1JK9_r_u         7                         0.647873794870637      3                              0.986713998530708           2                             0.467902119057941
1JMO_l_u         7                         0.337352378477743      4                              0.942074199416917           77                            0.557951030293243
1JMO_r_u         9                         0.420679782124746      2                              0.822936178025216           45                            0.661029552038309
1JPS_l_u         7                         0.532657167515969      3                              0.944841008856524           39                            0.666733145605303
1JPS_r_u         7                         0.536016503884338      2                              0.990638984568204           10                            0.394868519933123
1JTG_l_u         9                         0.411350106806010      2                              0.989216264082160           57                            0.507391354476340
1JTG_r_u         8                         0.480250016785503      5                              0.951586593578628           6                             0.557469733235868
1JWH_l_u         6                         0.295573190922473      2                              0.954925660362502           32                            0.576055938844390
1JWH_r_u         10                        0.294794882444588      4                              0.858844303040459           13                            0.670562846496005
1JZD_l_u         19                        0.353664612649098      3                              0.917510007315890           9                             0.765091999333934
1JZD_r_u         6                         0.666193403764420      2                              0.972413629038825           4                             0.577637412513987
1K4C_l_u         43                        0.222283285558221      0                              0.961897867488658           76                            0.487079917760437
1K5D_l_u         8                         0.295221361779988      2                              0.810959223210413           100                           0.489638881654012
1K5D_r_u         7                         0.474932634384736      2                              0.939882633912088           76                            0.473630722356366
1K74_l_u         8                         0.308463587033671      0                              0.934154125775530           8                             0.648954803969253
1K74_r_u         10                        0.236926693376869      3                              0.902714540505499           13                            0.512121045687230
1KAC_l_u         25                        0.290308590093041      2                              0.930553383936662           25                            0.415235821678530
1KAC_r_u         7                         0.296357672267173      1                              0.791824372409164           6                             0.545296898541794
1KKL_l_u         7                         0.217752225009361      1                              0.925235596833762           8                             0.353087016955553
1KKL_r_u         8                         0.599545042635732      0                              0.972900989503726           8                             0.637792621868429
1KLU_l_u         6                         0.341251668390909      0                              0.827560879065837           4                             0.366275362221812
1KLU_r_u         6                         0.352606954709427      0                              0.898246069561981           8                             0.604246678107722
1KTZ_l_u         9                         0.394511666150264      1                              0.974969966909539           9                             0.780511185622096
1KTZ_r_u         199                       0.268500764537926      5                              0.835337888447036           31                            0.669748769186330
1KXP_l_u         6                         0.667397882366921      4                              0.969379261068679           9                             0.614421927780668
1KXP_r_u         8                         0.402924043289900      4                              0.848185295114547           8                             0.574306024637398
1KXQ_r_u         6                         0.377113279185055      2                              0.983261332077525           20                            0.380507404096911
1LFD_l_u         11                        0.303428915029208      2                              0.953661872672300           29                            0.605550891367936
1LFD_r_u         6                         0.244405845579938      2                              0.948230445643135           53                            0.579329627093165
1M10_l_u         7                         0.385708855409529      1                              0.995530917958405           72                            0.665231866743247
1M10_r_u         9                         0.436271357887692      5                              0.853703288616003           18                            0.812077802519162
1MAH_l_u         12                        0.361339825617248      5                              0.932128386342330           15                            0.374139787629726
1MAH_r_u         6                         0.280658163281847      1                              0.954296029649282           22                            0.645362718298727
1ML0_l_u         10                        0.451663924175761      2                              0.956029737076118           14                            0.858591612493412
1ML0_r_u         6                         0.698273133255481      3                              0.941035957454772           9                             0.604128700850802
1MLC_l_u         19                        0.216282868499058      2                              0.823492480519199           19                            0.476574168810446
1MLC_r_u         6                         0.425475164689010      4                              0.852629046754739           6                             0.410392138754244
1MQ8_l_u         7                         0.608211545869779      5                              0.888382931820359           7                             0.593415404930619
1MQ8_r_u         6                         0.554552983127433      0                              0.955092060927068           7                             0.514233877600074
1N2C_l_u         7                         0.801716091780182      5                              0.948979947118203           7                             0.765264269214968
1N2C_r_u         23                        0.261155818845662      5                              0.880904882123710           28                            0.325658897788106
1N8O_l_u         6                         0.374617924212339      3                              0.895161372856636           253                           0.476140996831915
1N8O_r_u         33                        0.186276530243806      3                              0.877217683418021           22                            0.530252275070554
1NCA_l_u         14                        0.123540982273782      1                              0.906418200732875           12                            0.372016328035907
1NSN_l_u         13                        0.216685315781177      1                              0.951330012851010           18                            0.541701173269150
1NW9_l_u         9                         0.329277658651566      0                              0.926209256839857           17                            0.633273702161402
1NW9_r_u         7                         0.514831017746803      0                              0.836597348494055           8                             0.757633932931164
1OC0_l_u         31                        0.248789655430783      106                            0.828777540246542           59                            0.352218667075128
1OC0_r_u         9                         0.336116951417588      1                              0.945344519668563           16                            0.488979998989655
1OFU_l_u         19                        0.244913031632645      0                              0.920034801176725           145                           0.567268219503851
1OFU_r_u         71                        0.236469945999199      4                              0.992732097602065           115                           0.486750992987673
1OPH_l_u         6                         0.272846550405717      2                              0.972763020312024           10                            0.613411366618887
1OPH_r_u         6                         0.389866635645403      2                              0.798068842638076           90                            0.615471255729358
1OYV_l_u         7                         0.282799548923246      0                              0.855687844581622           15                            0.530779048581318
1OYV_r_u         6                         0.448017164974159      1                              0.889410023722493           6                             0.488300089671687
1PPE_l_u         15                        0.382486809882730      5                              0.948515732303252           6                             0.453747915864533
1PPE_r_u         6                         0.535960046205737      0                              0.816498124437527           6                             0.573914626864105
1PVH_l_u         7                         0.264688800470953      5                              0.922099224949524           11                            0.525806857633489
1PVH_r_u         8                         0.528068009725656      1                              0.869124052269138           29                            0.541746190150906
1PXV_l_u         6                         0.517471824603666      1                              0.961261635717246           22                            0.652049634006739
1PXV_r_u         12                        0.266882656062569      5                              0.909250965894289           40                            0.673533331182569
1QA9_l_u         155                       0.247962092609515      0                              0.987484479742164           134                           0.715531012546547
1QA9_r_u         74                        0.236799762630296      1                              0.890500830361877           16                            0.474037092682782
1QFW_l_u         9                         0.255230391735698      5                              0.958871280104765           17                            0.567772867772646
1R0R_l_u         7                         0.449315824993858      0                              0.915534424947682           2                             0.599800629942672
1R0R_r_u         6                         0.240520629880134      4                              0.868114256021090           7                             0.428265534952872
1R6Q_l_u         6                         0.829412750013190      2                              0.967504084423657           6                             0.896313733685770
1R6Q_r_u         166                       0.248391542015295      1                              0.960818439176195           65                            0.482890317849757
1R8S_l_u         13                        0.520263860711776      3                              0.979858299826642           42                            0.579027364654733
1R8S_r_u         11                        0.307541634297689      5                              0.928339664339352           118                           0.590737077301011
1RLB_l_u         8                         0.225444526112922      3                              0.930061400448615           12                            0.482952838939639
1RLB_r_u         43                        0.137987772847682      5                              0.940224980654934           185                           0.469004371308085
1RV6_l_u         7                         0.308988536898358      4                              0.864539957099467           17                            0.392804821852633
1RV6_r_u         6                         0.751052436562160      0                              0.975382670260654           6                             0.649462409011724
1S1Q_l_u         13                        0.404375990039518      5                              0.987780802006020           13                            0.648640179724078
1S1Q_r_u         6                         0.309275238375412      0                              0.965320779837761           16                            0.568851549792998
1SBB_l_u         6                         0.263746079747765      2                              0.978839730822942           13                            0.571321638516060
1SBB_r_u         9                         0.412454526308149      2                              0.956708443389992           104                           0.496313907960678
1SYX_l_u         75                        0.204266500724165      2                              0.846857012855947           5                             0.435304769066485
1SYX_r_u         24                        0.288811923942067      3                              0.959040040216342           7                             0.692744109599373
1T6B_l_u         12                        0.251282348498150      5                              0.901506309466590           2                             0.543453708977072
1T6B_r_u         6                         0.754363186870074      4                              0.903449297057533           3                             0.609647709658037
1TMQ_l_u         9                         0.313326199558202      0                              0.973181490531030           7                             0.744012782586204
1TMQ_r_u         7                         0.423480889543973      0                              0.970062267415718           7                             0.526868540017910
1UDI_l_u         9                         0.224169673293796      3                              0.959992717645505           24                            0.598582883424503
1UDI_r_u         7                         0.488194954563352      2                              0.927216843655335           56                            0.548890252209122
1US7_l_u         93                        0.292667770069696      3                              0.871836196658069           7                             0.926910375105710
1US7_r_u         14                        0.307348654357821      2                              0.975111029765568           14                            0.597005229836670
1VFB_l_u         20                        0.276539981539851      5                              0.957150684083753           20                            0.570401731669888
1VFB_r_u         7                         0.411767327038531      0                              0.967063663722111           8                             0.592082824198489
1WDW_l_u         17                        0.311375267165522      4                              0.887475124140367           0                             0.519374719824059
1WDW_r_u         6                         0.529654059823331      5                              0.852178043361860           0                             0.559332202173625
1WEJ_l_u         10                        0.179884794350402      5                              0.926176914120716           17                            0.432273379103876
1WEJ_r_u         6                         0.589150967130538      4                              0.932955276380964           5                             0.414175608770399
1WQ1_l_u         32                        0.156136931263551      3                              0.930242801897006           3                             0.551373039448941
1WQ1_r_u         11                        0.332731915501876      2                              0.886677505697431           12                            0.652786727220125
1XD3_l_u         13                        0.425694505768707      3                              0.965829477322960           10                            0.548029781909198
1XD3_r_u         7                         0.239223087402979      4                              0.944255039325452           174                           0.461040000785471
1XQS_l_u         15                        0.348206982656270      5                              0.924575148668737           22                            0.619413390306897
1XQS_r_u         7                         0.735313720002349      1                              0.945869967881686           7                             0.604497171670272
1XU1_l_u         7                         0.507761832892662      5                              0.944898952464543           14                            0.737062478442240
1XU1_r_u         38                        0.210438833591108      5                              0.958244307763589           59                            0.501311234594492
1Y64_l_u         23                        0.226287608275636      0                              0.865894352037038           53                            0.611978269244592
1Y64_r_u         6                         0.629254106563180      4                              0.868450660199000           7                             0.828455262730239
1YVB_l_u         8                         0.325939592400728      3                              0.982706048530068           0                             0.629275367293516
1YVB_r_u         7                         0.324352203966161      0                              0.901589962745898           6                             0.670538514448778
1Z0K_l_u         69                        0.312831210607473      0                              0.945609983924568           12                            0.925756877901333
1Z0K_r_u         13                        0.250739051561710      3                              0.886635775042658           48                            0.659579613611671
1Z5Y_l_u         27                        0.302651237854010      5                              0.861897634753074           14                            0.704860679313273
1Z5Y_r_u         10                        0.298934630229771      1                              0.915652591893653           2                             0.507048589751235
1ZHH_l_u         11                        0.313676731704813      0                              0.968016126518368           66                            0.434575325042207
1ZHH_r_u         6                         0.506920623385570      2                              0.965803448667423           0                             0.572119938031844
1ZHI_l_u         6                         0.567203847763819      3                              0.890381673779366           6                             0.620097547254983
1ZHI_r_u         11                        0.526550430148372      1                              0.904408863893114           54                            0.730033148620827
1ZLI_l_u         6                         0.581889395271132      3                              0.840983536625129           32                            0.526882306444157
1ZLI_r_u         15                        0.388898359007958      2                              0.995618936492031           7                             0.530493692363004
1ZM4_l_u         7                         0.280536984173653      5                              0.934071210554273           12                            0.777256858990406
1ZM4_r_u         7                         0.598001412489407      0                              0.856606075064453           7                             0.756224589862484
2A5T_l_u         118                       0.208669471669822      4                              0.908453119376398           139                           0.474228659966077
2A5T_r_u         24                        0.235574713179687      2                              0.952507289799696           60                            0.557698249626140
2A9K_l_u         6                         0.630524206512106      4                              0.966441579029353           3                             0.504937815824814
2A9K_r_u         8                         0.313742995727871      0                              0.969560433923689           44                            0.610911861985249
2ABZ_l_u         6                         0.329611084622622      4                              0.866134403874677           3                             0.457942519627753
2ABZ_r_u         29                        0.250975017161873      3                              0.903589903909232           6                             0.699080782422081
2AJF_l_u         10                        0.408276217092253      0                              0.912887291515112           13                            0.665032242728624
2AJF_r_u         6                         0.307675958686657      4                              0.846165997268657           43                            0.482521628445727
2AYO_l_u         6                         0.455710864037964      1                              0.994583958010336           6                             0.750527543711301
2AYO_r_u         28                        0.312492372094186      1                              0.980665832698039           33                            0.611144975877550
2B42_l_u         7                         0.494492112009376      0                              0.904542416516558           6                             0.777367095008443
2B42_r_u         6                         0.520719803949553      0                              0.846477467144380           14                            0.572257909039648
2B4J_l_u         14                        0.200340512168962      5                              0.890326454240460           6                             0.334192937870439
2B4J_r_u         19                        0.390484184739083      3                              0.936013313075816           19                            0.823417067719483
2BTF_l_u         14                        0.316768586485769      0                              0.880768731696486           11                            0.773694256852677
2BTF_r_u         6                         0.605640762294060      3                              0.988343898425692           7                             0.913330676891460
2C0L_l_u         6                         0.245216225909934      5                              0.859742564356858           5                             0.571824609919308
2C0L_r_u         6                         0.537320599162788      4                              0.908657832373301           8                             0.824174111447914
2CFH_l_u         7                         0.520773949623890      1                              0.848748078456162           16                            0.699727597820088
2CFH_r_u         158                       0.153049746163523      2                              0.920565871353348           7                             0.421924136533568
2FD6_l_u         7                         0.613810849305299      1                              0.952948091225121           7                             0.708560673061566
2FD6_r_u         7                         0.560977335159067      0                              0.975872097050452           6                             0.480944329450938
2FJU_l_u         7                         0.560602606631683      1                              0.974157715452655           13                            0.606710711694682
2FJU_r_u         20                        0.255113680600660      0                              0.956374528272219           12                            0.514451384408212
2G77_l_u         13                        0.192394399488243      3                              0.881868209855625           30                            0.501196735069944
2G77_r_u         9                         0.308266091970940      1                              0.968233881889351           20                            0.498462115222591
2H7V_l_u         13                        0.380224052108386      4                              0.946419501851268           13                            0.672624009513305
2H7V_r_u         6                         0.380446571454598      0                              0.917960062414042           7                             0.638052381921723
2HLE_l_u         15                        0.329300404683074      0                              0.967502011180788           15                            0.610634454548137
2HLE_r_u         7                         0.440199976642966      1                              0.930635350664129           13                            0.746598783194930
2HMI_r_u         6                         0.515731558546553      4                              0.928074013902663           8                             0.567766212536203
2HQS_l_u         8                         0.521591695782471      2                              0.877434564513740           13                            0.687991093066186
2HQS_r_u         7                         0.484474853248186      2                              0.865731663794912           21                            0.497013749315205
2HRK_l_u         10                        0.320690989536453      2                              0.957282307168378           14                            0.685301951555341
2HRK_r_u         14                        0.259475136638740      4                              0.986235224339470           78                            0.447317532102331
2I25_l_u         8                         0.325129845730285      1                              0.940430477379348           28                            0.504164223668550
2I25_r_u         25                        0.228230014428449      2                              0.966596774673219           30                            0.623469450201081
2I9B_l_u         6                         0.638374492723107      2                              0.794238436243363           8                             0.786408342374827
2I9B_r_u         7                         0.582264278139508      1                              0.897383655989277           7                             0.600695579190583
2IDO_l_u         6                         0.383295281959996      2                              0.951126331005413           16                            0.631834428563600
2IDO_r_u         7                         0.488796304085398      3                              0.863394483070504           10                            0.532113386322338
2J0T_l_u         21                        0.221154385667454      4                              0.909730450522532           86                            0.543247460388982
2J0T_r_u         9                         0.264820884006353      2                              0.965484952834894           7                             0.463232579702407
2J7P_l_u         7                         0.656772009520929      5                              0.939743340309891           11                            0.605216287358680
2J7P_r_u         6                         0.604050550242373      0                              0.953306836724440           127                           0.442074290191218
2JEL_l_u         63                        0.245901137556867      0                              0.965444303923676           35                            0.484798310626380
2MTA_l_u         7                         0.386628911025137      3                              0.913718655478243           9                             0.818832760465751
2MTA_r_u         20                        0.203251839981938      5                              0.903729067953465           19                            0.497149429948799
2NZ8_l_u         11                        0.249919047749176      2                              0.928383296321142           2                             0.603658251815431
2NZ8_r_u         7                         0.572498825046631      5                              0.987203376392702           26                            0.560990360930494
2O3B_l_u         6                         0.477873058141026      4                              0.899936209058785           7                             0.556852331912596
2O3B_r_u         49                        0.192526378122354      5                              0.973400421740499           29                            0.478022606073253
2O8V_l_u         12                        0.305575754783605      1                              0.923187084963754           31                            0.509447788104717
2O8V_r_u         7                         0.393456444312362      3                              0.881440452337712           12                            0.590040970856045
2OOB_l_u         10                        0.310240483466864      2                              0.880091697228539           18                            0.618580314024985
2OOB_r_u         8                         0.459694776803048      2                              0.982411585276303           4                             0.776717757452580
2OOR_l_u         17                        0.236593016915288      4                              0.916817625546073           40                            0.448923626989150
2OOR_r_u         6                         0.262053617919446      2                              0.994049458867404           44                            0.487783750993267
2OT3_l_u         27                        0.346468788673692      4                              0.990972768864052           4                             0.630367168402687
2OT3_r_u         8                         0.672833023413731      0                              0.844174403157094           8                             0.722510011774491
2OUL_l_u         17                        0.378469868934635      3                              0.811732329873782           38                            0.539190420593398
2OUL_r_u         23                        0.250690655545252      5                              0.944693687575345           9                             0.484423027699541
2OZA_l_u         38                        0.264732202155909      2                              0.933286816054836           68                            0.498051725332076
2OZA_r_u         9                         0.356733734657907      2                              0.873736528568889           9                             0.499812512062781
2PCC_l_u         6                         0.213875032775180      2                              0.952415629736422           6                             0.666956713831965
2PCC_r_u         11                        0.311793316654601      1                              0.903100642704440           14                            0.590641768558463
2SIC_l_u         17                        0.205734610592423      2                              0.941518925211944           24                            0.283783073192336
2SIC_r_u         9                         0.223242384063372      2                              0.921838848141189           30                            0.360321501587495
2SNI_l_u         18                        0.507191637643489      3                              0.938225371916659           17                            0.707487676691141
2SNI_r_u         7                         0.328547616861231      3                              0.884465346770507           8                             0.447891514046726
2UUY_l_u         11                        0.452119735046893      0                              0.982636061245239           32                            0.776004998430461
2UUY_r_u         6                         0.383029962889420      1                              0.864947182666746           6                             0.575674434792054
2VDB_l_u         9                         0.444761015154540      3                              0.969056753867618           12                            0.673254692408224
2VDB_r_u         8                         0.520677047576716      3                              0.969916897122249           6                             0.807552523790435
2VIS_l_u         21                        0.522387427814711      5                              0.933647623901777           21                            0.585809968168065
2VIS_r_u         6                         0.907288370048521      2                              0.996925245726822           6                             0.866839695365477
2Z0E_l_u         13                        0.314585728226768      5                              0.924200172679064           3                             0.663119797551946
2Z0E_r_u         12                        0.268831979133904      3                              0.862633683803234           175                           0.586434896828713
3BP8_l_u         10                        0.376109666887953      5                              0.916816440357681           9                             0.624382039221662
3BP8_r_u         8                         0.610871176435553      5                              0.911515836463373           16                            0.635741430599513
3CPH_l_u         10                        0.246023370625368      5                              0.953332135442099           10                            0.533150993088462
3CPH_r_u         9                         0.539780024334160      1                              0.820189065814416           9                             0.549918511039708
3D5S_l_u         6                         0.378399474174334      1                              0.949138209073527           13                            0.636138913660664
3D5S_r_u         6                         0.364333382096425      1                              0.936201560963894           9                             0.588967004574888
3SGQ_l_u         26                        0.321055413978692      3                              0.940326214921735           2                             0.523881464043750
3SGQ_r_u         13                        0.256016905326539      2                              0.922756678113555           3                             0.505398172679196
4CPA_l_u         10                        0.251437502338230      3                              0.957859170762061           2                             0.435043514779607
4CPA_r_u         7                         0.260357951112240      3                              0.847569560582107           30                            0.537043380418637
7CEI_l_u         9                         0.214537447204110      4                              0.768275523994550           141                           0.414356854704182
7CEI_r_u         7                         0.398541641676137      0                              0.790128636759156           25                            0.835172926983079
9QFW_l_u         9                         0.255230391735698      5                              0.958871280104765           17                            0.567772867772646
BOYV_l_u         7                         0.282799548923246      0                              0.855687844581622           15                            0.530779048581318
BOYV_r_u         6                         0.530963627809801      3                              0.862179966820658           6                             0.603271708211980
