# highestCorrelationPosition
107
10
19
59
40
8
9
52
124
8
57
7
26
17
5
7
84
1
9
9
105
6
8
5
58
18
73
36
13
15
190
2
0
28
29
22
26
26
152
6
23
43
54
7
7
7
11
11
226
8
13
23
12
17
11
8
6
10
10
7
12
33
20
21
13
3
7
21
9
3
0
18
6
5
7
3
40
6
16
14
34
15
9
32
7
1
9
0
39
11
103
75
16
10
20
15
10
3
5
7
81
15
10
9
16
3
18
102
40
13
15
14
32
77
352
8
11
7
39
31
26
15
82
1
6
6
7
32
49
2
77
45
39
10
57
6
32
13
9
4
76
100
76
8
13
25
6
8
8
4
8
9
31
9
8
20
29
53
72
18
15
22
14
9
19
6
7
7
7
28
253
22
12
18
17
8
59
16
145
115
10
90
15
6
6
6
11
29
22
40
134
16
17
2
7
6
65
42
118
12
185
17
6
13
16
13
104
5
7
2
3
7
7
24
56
7
14
20
8
0
0
17
5
3
12
10
174
22
7
14
59
53
7
0
6
12
48
14
2
66
0
6
54
32
7
12
7
139
60
3
44
3
6
13
43
6
33
6
14
6
19
11
7
5
8
16
7
7
6
13
12
30
20
13
7
15
13
8
13
21
14
78
28
30
8
7
16
10
86
7
11
127
35
9
19
2
26
7
29
31
12
18
4
40
44
4
8
38
9
68
9
6
14
24
30
17
8
32
6
12
6
21
6
3
175
9
16
10
9
13
9
2
3
2
30
141
25
17
15
6
