# highestOverlapPosition
11
12
12
50
7
13
11
6
10
6
143
6
12
6
7
7
10
11
6
6
6
6
10
9
11
18
7
36
6
10
6
7
16
8
7
6
8
12
6
6
7
8
7
7
7
7
6
6
10
8
17
6
7
17
11
16
10
10
10
8
9
8
6
28
6
10
7
21
7
7
28
91
6
206
7
29
8
7
8
11
9
23
14
58
7
6
7
6
6
11
6
7
7
6
6
8
6
7
9
6
46
6
10
8
16
10
9
80
6
13
20
18
16
10
113
6
10
7
30
15
6
14
18
13
6
8
7
14
40
7
7
9
7
7
9
8
6
10
19
6
43
8
7
8
10
25
7
7
8
6
6
9
199
6
8
6
11
6
7
9
12
6
10
6
19
6
7
6
7
23
6
33
14
13
9
7
31
9
19
71
6
6
7
6
15
6
7
8
6
12
155
74
9
7
6
6
166
13
11
8
43
7
6
13
6
6
9
75
24
12
6
9
7
9
7
93
14
20
7
17
6
10
6
32
11
13
7
15
7
7
38
23
6
8
7
69
13
27
10
11
6
6
11
6
15
7
7
118
24
6
8
6
29
10
6
6
28
7
6
14
19
14
6
6
6
7
158
7
7
7
20
13
9
13
6
15
7
6
8
7
10
14
8
25
6
7
6
7
21
9
7
6
63
7
20
11
7
6
49
12
7
10
8
17
6
27
8
17
23
38
9
6
11
17
9
18
7
11
6
9
8
21
6
13
12
10
8
10
9
6
6
26
13
10
7
9
7
9
7
6
