# highestCorrelationValue
0.493361387134838
0.628493624570267
0.679805318975258
0.390970285996406
0.619839212303720
0.449100641898167
0.838663559881364
0.584138469842309
0.511124754455774
0.577389629538794
0.598305207712528
0.900640055170723
0.434100366517024
0.371400030091828
0.519259514676750
0.676602710238084
0.547120497005921
0.662437184112760
0.608761288632082
0.601160289921654
0.405463130384233
0.518648633554159
0.751739629029915
0.568636280913752
0.748809216775317
0.453385304253570
0.606424913502485
0.588430845404181
0.547942974611745
0.537731144796984
0.487657416299244
0.670837377791613
0.472943996521777
0.560349100199793
0.420467237906977
0.522704425052827
0.625966977814715
0.399781914656946
0.681713614939270
0.824491219659961
0.487989637510831
0.553912251492978
0.527124960172694
0.614204609822741
0.773464890526008
0.929800160608054
0.778058475663920
0.624351333589381
0.397450410827784
0.556564433198518
0.646805879614544
0.392996081841651
0.503129995557980
0.558371121941765
0.595808787565244
0.712769669000946
0.515759520918843
0.505509999617115
0.628917427738853
0.724494960594823
0.349520938787283
0.621241968488307
0.429873864204969
0.556827049838006
0.787639524374010
0.572030176483756
0.695055442115809
0.813517498097537
0.865552114138703
0.403525893332863
0.597410147809717
0.408669997124917
0.697008348534107
0.431583729959501
0.751375252671193
0.465431520870440
0.494082184799894
0.532255198878859
0.671068169528687
0.375118466420647
0.515394442783949
0.426796794597749
0.742231826570813
0.832824167717684
0.602526172907492
0.550349796342549
0.529066600270035
0.415664302219821
0.438068343437601
0.597197350283442
0.634181534046761
0.465577096068410
0.546820167830596
0.793173213490401
0.510799767480607
0.641409606689538
0.631797147722494
0.600818661180999
0.671306691444679
0.884615069822207
0.517248550725106
0.480472516619880
0.660187642816858
0.609498272201303
0.527827768476628
0.524375224214229
0.570495171213934
0.463534286808087
0.400336889610684
0.823703755997931
0.654870696004815
0.496320621046821
0.507706981377712
0.699808348513021
0.552100955995201
0.823905866260357
0.596425292163813
0.824440427677455
0.650297942110265
0.560134634200604
0.592156852462557
0.796806500009876
0.544031251043890
0.526953847500741
0.744623320835009
0.797421455647876
0.652096046832994
0.842103896197698
0.388351677805202
0.467902119057941
0.557951030293243
0.661029552038309
0.666733145605303
0.394868519933123
0.507391354476340
0.557469733235868
0.576055938844390
0.670562846496005
0.765091999333934
0.577637412513987
0.487079917760437
0.489638881654012
0.473630722356366
0.648954803969253
0.512121045687230
0.415235821678530
0.545296898541794
0.353087016955553
0.637792621868429
0.366275362221812
0.604246678107722
0.780511185622096
0.669748769186330
0.614421927780668
0.574306024637398
0.380507404096911
0.605550891367936
0.579329627093165
0.665231866743247
0.812077802519162
0.374139787629726
0.645362718298727
0.858591612493412
0.604128700850802
0.476574168810446
0.410392138754244
0.593415404930619
0.514233877600074
0.765264269214968
0.325658897788106
0.476140996831915
0.530252275070554
0.372016328035907
0.541701173269150
0.633273702161402
0.757633932931164
0.352218667075128
0.488979998989655
0.567268219503851
0.486750992987673
0.613411366618887
0.615471255729358
0.530779048581318
0.488300089671687
0.453747915864533
0.573914626864105
0.525806857633489
0.541746190150906
0.652049634006739
0.673533331182569
0.715531012546547
0.474037092682782
0.567772867772646
0.599800629942672
0.428265534952872
0.896313733685770
0.482890317849757
0.579027364654733
0.590737077301011
0.482952838939639
0.469004371308085
0.392804821852633
0.649462409011724
0.648640179724078
0.568851549792998
0.571321638516060
0.496313907960678
0.435304769066485
0.692744109599373
0.543453708977072
0.609647709658037
0.744012782586204
0.526868540017910
0.598582883424503
0.548890252209122
0.926910375105710
0.597005229836670
0.570401731669888
0.592082824198489
0.519374719824059
0.559332202173625
0.432273379103876
0.414175608770399
0.551373039448941
0.652786727220125
0.548029781909198
0.461040000785471
0.619413390306897
0.604497171670272
0.737062478442240
0.501311234594492
0.611978269244592
0.828455262730239
0.629275367293516
0.670538514448778
0.925756877901333
0.659579613611671
0.704860679313273
0.507048589751235
0.434575325042207
0.572119938031844
0.620097547254983
0.730033148620827
0.526882306444157
0.530493692363004
0.777256858990406
0.756224589862484
0.474228659966077
0.557698249626140
0.504937815824814
0.610911861985249
0.457942519627753
0.699080782422081
0.665032242728624
0.482521628445727
0.750527543711301
0.611144975877550
0.777367095008443
0.572257909039648
0.334192937870439
0.823417067719483
0.773694256852677
0.913330676891460
0.571824609919308
0.824174111447914
0.699727597820088
0.421924136533568
0.708560673061566
0.480944329450938
0.606710711694682
0.514451384408212
0.501196735069944
0.498462115222591
0.672624009513305
0.638052381921723
0.610634454548137
0.746598783194930
0.567766212536203
0.687991093066186
0.497013749315205
0.685301951555341
0.447317532102331
0.504164223668550
0.623469450201081
0.786408342374827
0.600695579190583
0.631834428563600
0.532113386322338
0.543247460388982
0.463232579702407
0.605216287358680
0.442074290191218
0.484798310626380
0.818832760465751
0.497149429948799
0.603658251815431
0.560990360930494
0.556852331912596
0.478022606073253
0.509447788104717
0.590040970856045
0.618580314024985
0.776717757452580
0.448923626989150
0.487783750993267
0.630367168402687
0.722510011774491
0.539190420593398
0.484423027699541
0.498051725332076
0.499812512062781
0.666956713831965
0.590641768558463
0.283783073192336
0.360321501587495
0.707487676691141
0.447891514046726
0.776004998430461
0.575674434792054
0.673254692408224
0.807552523790435
0.585809968168065
0.866839695365477
0.663119797551946
0.586434896828713
0.624382039221662
0.635741430599513
0.533150993088462
0.549918511039708
0.636138913660664
0.588967004574888
0.523881464043750
0.505398172679196
0.435043514779607
0.537043380418637
0.414356854704182
0.835172926983079
0.567772867772646
0.530779048581318
0.603271708211980
