# highestOverlapValue
0.298188208672999
0.353719755688713
0.458303592045773
0.152849421393775
0.571439342487278
0.273814772865148
0.511894124481056
0.377646698452230
0.176274758060922
0.672281227387917
0.211737488105697
0.564174377728980
0.251339625212042
0.400371512213740
0.271124033528255
0.427191968220638
0.292725102139072
0.256664120877024
0.319512640829338
0.381917439574563
0.117398890629866
0.671364985346146
0.383337109411105
0.425906379020820
0.433972690793999
0.238378185486468
0.460607538900036
0.372870618528947
0.457338971172222
0.252466236554808
0.297617579809268
0.596490268445438
0.225371342898373
0.304596641264681
0.234258555866661
0.470924590655735
0.216433597376718
0.244168195090467
0.283578398998545
0.803999206181237
0.352300089755243
0.406262409029414
0.613480990439547
0.642568870294488
0.719529443043039
0.678482456386387
0.521243288223216
0.541626979901237
0.452812732092811
0.415426066627648
0.316910271568107
0.346520591418295
0.249268653435758
0.641531837935524
0.380360548879554
0.272531759675872
0.302654825924652
0.268927694385679
0.303712360277707
0.505275520520190
0.203309351974425
0.632929865574676
0.369982975360559
0.242251385888996
0.392860739748049
0.252465726396969
0.791506733042752
0.390519579007746
0.705411609659662
0.312866538546390
0.407930600566474
0.244599503308151
0.545750280717104
0.230446232271250
0.417096295318403
0.286583166175992
0.282454244003768
0.318569971797874
0.497958119597322
0.525997633139213
0.347579352207820
0.191785816558266
0.317471848416658
0.373400317954825
0.509093653183600
0.450895686258286
0.467274993307214
0.239409773960257
0.193225545160544
0.252510784260546
0.452256821809141
0.311572419730573
0.214529404869333
0.444144091172846
0.388340991893679
0.414878142836856
0.449315074403967
0.667698956072373
0.290222046143845
0.612868392908825
0.239361800637280
0.365914346906373
0.402708228024464
0.370103734766263
0.414058365288677
0.476996012338297
0.195709543301923
0.201868555596320
0.449905792272875
0.547343328005528
0.233734210199939
0.220081912944247
0.243116621809212
0.394211668011331
0.249917397378003
0.521882330065525
0.434042378885969
0.773483302931194
0.333923661632948
0.263348270496717
0.464654910022848
0.369186478139713
0.175714660349371
0.327627249645957
0.672416033945466
0.321607778868813
0.302727342785862
0.339008379419089
0.221603682553945
0.647873794870637
0.337352378477743
0.420679782124746
0.532657167515969
0.536016503884338
0.411350106806010
0.480250016785503
0.295573190922473
0.294794882444588
0.353664612649098
0.666193403764420
0.222283285558221
0.295221361779988
0.474932634384736
0.308463587033671
0.236926693376869
0.290308590093041
0.296357672267173
0.217752225009361
0.599545042635732
0.341251668390909
0.352606954709427
0.394511666150264
0.268500764537926
0.667397882366921
0.402924043289900
0.377113279185055
0.303428915029208
0.244405845579938
0.385708855409529
0.436271357887692
0.361339825617248
0.280658163281847
0.451663924175761
0.698273133255481
0.216282868499058
0.425475164689010
0.608211545869779
0.554552983127433
0.801716091780182
0.261155818845662
0.374617924212339
0.186276530243806
0.123540982273782
0.216685315781177
0.329277658651566
0.514831017746803
0.248789655430783
0.336116951417588
0.244913031632645
0.236469945999199
0.272846550405717
0.389866635645403
0.282799548923246
0.448017164974159
0.382486809882730
0.535960046205737
0.264688800470953
0.528068009725656
0.517471824603666
0.266882656062569
0.247962092609515
0.236799762630296
0.255230391735698
0.449315824993858
0.240520629880134
0.829412750013190
0.248391542015295
0.520263860711776
0.307541634297689
0.225444526112922
0.137987772847682
0.308988536898358
0.751052436562160
0.404375990039518
0.309275238375412
0.263746079747765
0.412454526308149
0.204266500724165
0.288811923942067
0.251282348498150
0.754363186870074
0.313326199558202
0.423480889543973
0.224169673293796
0.488194954563352
0.292667770069696
0.307348654357821
0.276539981539851
0.411767327038531
0.311375267165522
0.529654059823331
0.179884794350402
0.589150967130538
0.156136931263551
0.332731915501876
0.425694505768707
0.239223087402979
0.348206982656270
0.735313720002349
0.507761832892662
0.210438833591108
0.226287608275636
0.629254106563180
0.325939592400728
0.324352203966161
0.312831210607473
0.250739051561710
0.302651237854010
0.298934630229771
0.313676731704813
0.506920623385570
0.567203847763819
0.526550430148372
0.581889395271132
0.388898359007958
0.280536984173653
0.598001412489407
0.208669471669822
0.235574713179687
0.630524206512106
0.313742995727871
0.329611084622622
0.250975017161873
0.408276217092253
0.307675958686657
0.455710864037964
0.312492372094186
0.494492112009376
0.520719803949553
0.200340512168962
0.390484184739083
0.316768586485769
0.605640762294060
0.245216225909934
0.537320599162788
0.520773949623890
0.153049746163523
0.613810849305299
0.560977335159067
0.560602606631683
0.255113680600660
0.192394399488243
0.308266091970940
0.380224052108386
0.380446571454598
0.329300404683074
0.440199976642966
0.515731558546553
0.521591695782471
0.484474853248186
0.320690989536453
0.259475136638740
0.325129845730285
0.228230014428449
0.638374492723107
0.582264278139508
0.383295281959996
0.488796304085398
0.221154385667454
0.264820884006353
0.656772009520929
0.604050550242373
0.245901137556867
0.386628911025137
0.203251839981938
0.249919047749176
0.572498825046631
0.477873058141026
0.192526378122354
0.305575754783605
0.393456444312362
0.310240483466864
0.459694776803048
0.236593016915288
0.262053617919446
0.346468788673692
0.672833023413731
0.378469868934635
0.250690655545252
0.264732202155909
0.356733734657907
0.213875032775180
0.311793316654601
0.205734610592423
0.223242384063372
0.507191637643489
0.328547616861231
0.452119735046893
0.383029962889420
0.444761015154540
0.520677047576716
0.522387427814711
0.907288370048521
0.314585728226768
0.268831979133904
0.376109666887953
0.610871176435553
0.246023370625368
0.539780024334160
0.378399474174334
0.364333382096425
0.321055413978692
0.256016905326539
0.251437502338230
0.260357951112240
0.214537447204110
0.398541641676137
0.255230391735698
0.282799548923246
0.530963627809801
