# highestCollectivityValue
0.983663059236884
0.946781743571901
0.946810125248013
0.980116045954041
0.946404100435600
0.965565221722091
0.924300915735396
0.856843100113009
0.954041947210392
0.986520853487222
0.956338602813476
0.941897669327961
0.914256574448271
0.861529721434858
0.945300927344168
0.907537604199447
0.955374362127779
0.921726821893740
0.897972475532940
0.895791865025287
0.977767034913437
0.832033565692001
0.897860165977209
0.976256079880702
0.930435980064670
0.954074876439010
0.922805452221459
0.819880478723665
0.993089519100365
0.975748288377807
0.930360878868683
0.934131840070400
0.962942144142835
0.916982032243458
0.925212752163528
0.952140311721450
0.983715970480568
0.907788936127810
0.905129547566481
0.845633899891207
0.989726085704779
0.823492695683195
0.920114040110767
0.976769573488916
0.977658353099081
0.983987653197229
0.937850557459689
0.848916934880962
0.816597925013096
0.916421944565452
0.871947887524697
0.898878467673185
0.932362635131781
0.952513769196363
0.871168811116637
0.912384520726361
0.819210674784610
0.844086207322755
0.904985359664381
0.937756975654287
0.946526157326040
0.946369588671762
0.943230146461017
0.940093652492695
0.967400681227113
0.931093018275201
0.968990232890663
0.922244694302601
0.960614202829211
0.915213033656210
0.879328052157472
0.893438824657325
0.870390350927553
0.922888642298300
0.944522799788742
0.957457202797524
0.901779370532927
0.975509632390657
0.980870357875817
0.906236518970200
0.941060838561212
0.908797340241006
0.959271635326640
0.990384748920906
0.960903673368271
0.891002140568004
0.934963232174656
0.993129780116885
0.906886222941784
0.907657283832118
0.936196689487955
0.932251342910582
0.861617104365138
0.896360630472094
0.945489020523187
0.863491512065770
0.903340213314512
0.867769497578251
0.935076827926614
0.925769579622035
0.948254598258407
0.882615491012333
0.895253149266348
0.978590190056459
0.826002040775746
0.961920403365610
0.860234602958979
0.923524127203422
0.965562817359046
0.818657099209173
0.904824565767778
0.917278855211809
0.917743748253202
0.904129377154841
0.934655313842939
0.953253715494100
0.939754427648105
0.977440914610572
0.964113074808986
0.865166700019021
0.980039877545679
0.978442566796402
0.933780225618616
0.927187897818373
0.998292257630082
0.902759356257709
0.929329033578460
0.967227576323157
0.912451110461981
0.986713998530708
0.942074199416917
0.822936178025216
0.944841008856524
0.990638984568204
0.989216264082160
0.951586593578628
0.954925660362502
0.858844303040459
0.917510007315890
0.972413629038825
0.961897867488658
0.810959223210413
0.939882633912088
0.934154125775530
0.902714540505499
0.930553383936662
0.791824372409164
0.925235596833762
0.972900989503726
0.827560879065837
0.898246069561981
0.974969966909539
0.835337888447036
0.969379261068679
0.848185295114547
0.983261332077525
0.953661872672300
0.948230445643135
0.995530917958405
0.853703288616003
0.932128386342330
0.954296029649282
0.956029737076118
0.941035957454772
0.823492480519199
0.852629046754739
0.888382931820359
0.955092060927068
0.948979947118203
0.880904882123710
0.895161372856636
0.877217683418021
0.906418200732875
0.951330012851010
0.926209256839857
0.836597348494055
0.828777540246542
0.945344519668563
0.920034801176725
0.992732097602065
0.972763020312024
0.798068842638076
0.855687844581622
0.889410023722493
0.948515732303252
0.816498124437527
0.922099224949524
0.869124052269138
0.961261635717246
0.909250965894289
0.987484479742164
0.890500830361877
0.958871280104765
0.915534424947682
0.868114256021090
0.967504084423657
0.960818439176195
0.979858299826642
0.928339664339352
0.930061400448615
0.940224980654934
0.864539957099467
0.975382670260654
0.987780802006020
0.965320779837761
0.978839730822942
0.956708443389992
0.846857012855947
0.959040040216342
0.901506309466590
0.903449297057533
0.973181490531030
0.970062267415718
0.959992717645505
0.927216843655335
0.871836196658069
0.975111029765568
0.957150684083753
0.967063663722111
0.887475124140367
0.852178043361860
0.926176914120716
0.932955276380964
0.930242801897006
0.886677505697431
0.965829477322960
0.944255039325452
0.924575148668737
0.945869967881686
0.944898952464543
0.958244307763589
0.865894352037038
0.868450660199000
0.982706048530068
0.901589962745898
0.945609983924568
0.886635775042658
0.861897634753074
0.915652591893653
0.968016126518368
0.965803448667423
0.890381673779366
0.904408863893114
0.840983536625129
0.995618936492031
0.934071210554273
0.856606075064453
0.908453119376398
0.952507289799696
0.966441579029353
0.969560433923689
0.866134403874677
0.903589903909232
0.912887291515112
0.846165997268657
0.994583958010336
0.980665832698039
0.904542416516558
0.846477467144380
0.890326454240460
0.936013313075816
0.880768731696486
0.988343898425692
0.859742564356858
0.908657832373301
0.848748078456162
0.920565871353348
0.952948091225121
0.975872097050452
0.974157715452655
0.956374528272219
0.881868209855625
0.968233881889351
0.946419501851268
0.917960062414042
0.967502011180788
0.930635350664129
0.928074013902663
0.877434564513740
0.865731663794912
0.957282307168378
0.986235224339470
0.940430477379348
0.966596774673219
0.794238436243363
0.897383655989277
0.951126331005413
0.863394483070504
0.909730450522532
0.965484952834894
0.939743340309891
0.953306836724440
0.965444303923676
0.913718655478243
0.903729067953465
0.928383296321142
0.987203376392702
0.899936209058785
0.973400421740499
0.923187084963754
0.881440452337712
0.880091697228539
0.982411585276303
0.916817625546073
0.994049458867404
0.990972768864052
0.844174403157094
0.811732329873782
0.944693687575345
0.933286816054836
0.873736528568889
0.952415629736422
0.903100642704440
0.941518925211944
0.921838848141189
0.938225371916659
0.884465346770507
0.982636061245239
0.864947182666746
0.969056753867618
0.969916897122249
0.933647623901777
0.996925245726822
0.924200172679064
0.862633683803234
0.916816440357681
0.911515836463373
0.953332135442099
0.820189065814416
0.949138209073527
0.936201560963894
0.940326214921735
0.922756678113555
0.957859170762061
0.847569560582107
0.768275523994550
0.790128636759156
0.958871280104765
0.855687844581622
0.862179966820658
