# LRMSMeansWhole
0.043267129386406
0.082491414067448
0.105823224007953
0.122301913051232
0.137384762738289
0.150450558305824
0.160566205922609
0.168974802104639
0.177533834414890
0.183578246169800
0.191078086109589
0.198031192019700
0.203289567642321
0.209052479014894
0.213623322601452
0.219086999344937
0.223886163703792
0.228545733478445
0.232555869415518
0.236681093148439
0.271359665503732
0.297539738765425
0.318603923159455
0.337498737713652
0.354861165895378
0.371947578040438
0.387445290907808
0.401001818591830
0.413987378322277
0.425493951716323
0.436930031992937
0.447360626259941
0.457270512395244
0.466513129677491
0.474864976593625
0.482764552930944
0.490900372214248
0.498243130512207
0.505130082048089
0.512178019625914
0.518513530925166
0.524875435144079
0.530637116024621
0.536158603576990
0.541472592643664
0.546450830041527
0.551416961615784
0.556163831348136
0.560714595053700
0.564701014188582
0.568756135063775
0.572868515158214
0.576637174244105
0.580224332900182
0.583590290845550
0.586915471676866
0.589905152501698
0.592942979933610
