# LRMSStdInterface
0.053131391227301
0.075726375024906
0.086537586379628
0.096234976237415
0.102699542568694
0.108531571271093
0.113961528534838
0.115878983422809
0.118816335920454
0.120581649938405
0.123017208947074
0.125601798010374
0.127762206980577
0.128811599565018
0.129688625791252
0.131034999321168
0.132044790469573
0.133195508338672
0.133501717557464
0.135687233081217
0.142556500530060
0.141548405961748
0.139749309107294
0.137554445058540
0.132258385003844
0.129254119028429
0.125459343416642
0.123244846511071
0.122709772414059
0.122569402466768
0.123137118208466
0.123348528905370
0.123450953340415
0.123450196647482
0.123719529271299
0.123637844885285
0.123511505385120
0.123237005467547
0.122906139033044
0.122617143312700
0.122542296354535
0.122360406147930
0.122169598842298
0.122054644794410
0.121969915704615
0.121911638182375
0.121865188607410
0.121836945511878
0.121851487232753
0.121874010437463
0.121913226093648
0.121916983255270
0.121917025394377
0.121917042407012
0.121917056704454
0.121917055419753
0.121917055784277
0.121917056435606
