# overlapStdTApproxInterface
0.159637443202971
0.186461088079432
0.197686943191715
0.198968202017989
0.192520460120462
0.190056517177840
0.183231018623890
0.173624284047799
0.168211595715847
0.163868380258341
0.158870778747444
0.156280973399696
0.154087480463721
0.149457965402584
0.146782776744976
0.144660347366601
0.142773645100289
0.140694595765030
0.138156370873979
0.136829831371496
0.119823026605397
0.104166578503223
0.093488946803199
0.083888191790960
0.075645981640626
0.070137230309830
0.064055954974875
0.060598177346047
0.058674153602050
0.057624417964534
0.057115160181268
0.056720692664954
0.056377600875724
0.056011154606834
0.055808951742008
0.055603017803528
0.055410983734865
0.055085494029419
0.054752316328733
0.054484605681426
0.054406203336060
0.054293780892790
0.054169684618078
0.054109272486321
0.054068154574853
0.054044936014513
0.054030428293413
0.054032653437578
0.054043879451549
0.054055111538564
0.054070034960031
0.054071303483686
0.054071319525038
0.054071325623503
0.054071331508513
0.054071330785462
0.054071330945892
0.054071331147754
