# overlapStdTApproxWhole
0.188760627353974
0.209260568999332
0.212077541710451
0.204758733605468
0.197422497353213
0.190515385381734
0.186792719133083
0.184575775803828
0.177998376012865
0.176553203287544
0.175073725593573
0.172748888946283
0.170534500629844
0.168065305388490
0.165981509664425
0.165134235798855
0.163517329822699
0.161063672223050
0.159475926191298
0.157895076323711
0.145192439705620
0.136623851011051
0.129003487620324
0.123224258696849
0.117408383783107
0.114048616161216
0.111198701076798
0.108546452526250
0.105642506116505
0.102180723171060
0.099216650280393
0.096114251942958
0.093649436054843
0.090656036411557
0.087926709912495
0.085810915988900
0.083622561629748
0.081827750346623
0.079977002133085
0.077900721709615
0.075954630519307
0.074388522942156
0.073004953329557
0.071680925104125
0.070206777994854
0.069012869091204
0.067743857290947
0.066712375573310
0.065864685611289
0.064900597375283
0.064023224407630
0.063223776548143
0.062499622132971
0.061813630295987
0.061195082865103
0.060554084354800
0.059998726432260
0.059158818128244
