# overlapMeansTApproxInterface
0.136455911817468
0.221778983122089
0.277547133238681
0.331644968646877
0.379873436806194
0.418334603787339
0.455505526599139
0.487168303023780
0.514188596384486
0.536989786868587
0.557263441817997
0.576195097981624
0.591233132091744
0.607497313319687
0.621786109257521
0.635007864307432
0.645222486423532
0.656764162084910
0.667574564320654
0.677397273769552
0.751341230362381
0.801074690162484
0.835038881833026
0.861985755518178
0.879980330085920
0.891533422695070
0.899899178663525
0.905970046287344
0.910107318741532
0.912243095066045
0.913876596799051
0.914892549487496
0.915523642807290
0.915999120033848
0.916316139306338
0.916511017142391
0.916705844762536
0.916899683860019
0.917139756376065
0.917315532826486
0.917419596869446
0.917561046490594
0.917678662179836
0.917760553246732
0.917821209806108
0.917876067520105
0.917929847452602
0.918016677934603
0.918053092561631
0.918078240186769
0.918103158525148
0.918105041969930
0.918105073071173
0.918105084208861
0.918105096312281
0.918105099798252
0.918105101429700
0.918105101899235
