# overlapMeansTApproxWhole
0.208887000867876
0.322179868418221
0.376230163271292
0.414942224498812
0.447716927157250
0.474163394121074
0.492421509034637
0.506960295596879
0.523080808531371
0.532675176028753
0.543908577484556
0.554657395719314
0.562697217678992
0.571545055362627
0.578302577578701
0.585567654607548
0.592298507004860
0.599075388885894
0.604586234343255
0.610189952272843
0.654515723209759
0.684252598091845
0.706788240935392
0.725695816590584
0.742386009466775
0.757296596801805
0.770170849220836
0.781046358514876
0.791114915069949
0.800120625313519
0.808599277044018
0.816346908675874
0.823410366274020
0.830022357299218
0.835872393023244
0.841176861955379
0.846520855352188
0.851238645393567
0.855623638445088
0.860055294002189
0.864006825028625
0.867815141538908
0.871183323446689
0.874394235659996
0.877472896416850
0.880252285542849
0.883021415785429
0.885584045668694
0.887970149825290
0.890082534748895
0.892190122156626
0.894240579061013
0.896111578479828
0.897862037701340
0.899508150993590
0.901124503289818
0.902576781942258
0.904101490932271
