# RMSDMeansInterface
0.023702923195561
0.045834927497722
0.063765160462277
0.082772779649025
0.100986717726056
0.118389847124294
0.136234509428921
0.151930503688501
0.167340185147368
0.181238171431955
0.194268628537603
0.207587298981762
0.218658146386275
0.230499250791182
0.241626366406884
0.252483928553813
0.261096028373587
0.271141149630380
0.280595474781684
0.289993855933230
0.366826683083556
0.427738190861417
0.476050259302901
0.519272594396499
0.550012837227480
0.571507080142176
0.587208169219692
0.599484551583874
0.608517110232764
0.613318091266775
0.617300045828207
0.619744984419171
0.621249260704435
0.622346050624361
0.623173718834793
0.623590827017033
0.623996152887376
0.624331526493704
0.624761039578697
0.625057549198915
0.625276641637700
0.625547564292367
0.625755816685102
0.625910425122173
0.626025583719744
0.626138189076503
0.626253024352521
0.626457567757274
0.626552957404757
0.626624321099425
0.626700517244116
0.626706560955429
0.626706653392001
0.626706687542501
0.626706722734567
0.626706730958548
0.626706735178851
0.626706736569284
