# RMSDStdWhole
0.074289222294682
0.103675208428979
0.118724961448443
0.125349130970417
0.128966725295414
0.131515529762059
0.134671479429744
0.135921669094062
0.135645699579595
0.136705113980877
0.138942131036015
0.139657302224117
0.140305904658046
0.140118316841360
0.140595718847034
0.141970336442843
0.142232276816468
0.141989744812566
0.142150109580008
0.142177482208518
0.140469337241704
0.140694731932918
0.140051854171314
0.139194454503533
0.137733509187538
0.138345566835432
0.139074426812704
0.139561359490168
0.140202349299251
0.139271847964212
0.139145164278699
0.137886147575536
0.136933564140787
0.135329855809193
0.133771538878843
0.132660840384076
0.131524616362947
0.130409934748643
0.129164822076951
0.127796612879464
0.126324173214405
0.125229006976612
0.124376657379176
0.123319206585700
0.122161121971363
0.121423476391204
0.120471561554706
0.119812984588564
0.119389653895360
0.118784150855665
0.118235856455420
0.118101745504797
0.117873281486056
0.117742256074826
0.117451231499123
0.117133025167154
0.116739865991378
0.115996472726207
