# collectivityArrayWhole
0.747179441657493
0.475090133129108
0.519881486776239
0.569303688943520
0.112329541343752
0.371505522968290
0.431734971369525
0.241116347548142
0.196565871267075
0.192079573664647
0.153502323171655
0.059681564030958
0.220846692180839
0.038997537155406
0.129804617505785
0.049534160494361
0.077268409812135
0.104594309051521
0.063328434882336
0.057241687351565
0.087423161934368
0.101317618630512
0.114319272481237
0.156703995769919
0.451848216996684
0.173654884134932
0.204694266284832
0.190421596104149
0.226856635079997
0.268402036880539
0.141397823976832
0.077845757768939
0.206373400689194
0.337324651914634
0.352736784279478
0.220302362544269
0.119872229203024
0.114672230183028
0.035802937708239
0.133497476008922
0.354362221358821
0.293404529921715
0.214437036069409
0.315753975704604
0.338232962651868
0.076459560968664
0.253483210426102
0.211244587779954
0.258342205150358
0.150370613154167
0.318453578096250
0.280874825919543
0.211297048385152
0.300458391745752
0.132837251879212
0.206733929480809
0.232184605660581
0.215286998201976
0.380458271571653
0.305773940706399
0.185375969400125
0.198106156727015
0.030503172292246
0.293575509963847
0.213936233019919
0.227150415086799
0.213762222382852
0.167019951953259
0.123052631272836
0.237823907930880
0.279809808796059
0.200462844200505
0.228953967753349
0.168088135821896
0.218847124411538
0.162558097411975
0.302220822578794
0.213403728853925
0.152982413278079
0.305273590513392
0.134681819956303
0.249749304842786
0.182228739426513
0.256243303577233
0.253808730928300
0.310127426834648
0.244795130155106
0.118159953755275
0.244832665579381
0.253250933714380
0.498777982690839
0.353547444917278
0.245024707687510
0.174342756597112
0.278242207851397
0.155540581999265
0.290712226873212
0.151562046279383
0.337606407799152
0.283407875583327
0.195634460283217
0.060004903446839
0.357808069583456
0.272970054559017
0.085893869182910
0.173864016010440
0.279867111472963
0.339022696507423
0.268582005738088
0.311222294887663
0.338783467675540
0.218867945883486
0.253218223525851
0.361275690954229
0.240797790753859
0.157980512372359
0.229234048512036
0.194830568997458
0.161935550440414
0.304288675835691
0.250487286530016
0.190442437857348
0.365430940331139
0.137642625108543
0.201781904705015
0.247396830257406
0.293895986859533
0.176244657043586
0.333101886942302
0.216771730567779
0.299490338644451
0.327929983296469
0.313000989956220
0.095843825647237
0.236346570992037
0.134996648114945
0.308357718433409
0.270836282956943
0.181021992571984
0.356463960634586
0.334316907934970
0.177539680198969
0.266548257991075
0.296458572963032
0.227539903887004
0.174765057707649
0.317738015276861
0.329289010704663
0.204627616903373
0.262721223231418
0.302940900042293
0.304124583773000
0.189426249325325
0.291339569255809
0.254712221415127
0.333503256298352
0.269034474526404
0.225800571496373
0.186042853563358
0.294069750739184
0.306781188749237
0.169196028164138
0.294015099488611
0.331680653218349
0.274083572397711
0.200592851508367
0.256317678481234
0.345464686380169
0.330946359882550
0.315007596701341
0.245639996802108
0.286529617099112
0.397771911607911
0.252180659602597
0.284605137124796
0.108473778509475
0.334250634594893
0.246067207820667
0.267290240153762
0.324198754145219
0.179824295536436
0.308167042017099
0.316962509884259
0.269387949678166
0.333002452347065
0.306757909520323
0.378736259434675
0.295834922400439
0.369862125949511
0.268052266459563
0.277725883837765
0.292819694787936
0.341995073209373
0.294628063942321
0.304269079054558
0.340504755174058
0.185605917379930
0.370752715918717
0.258269166718091
0.111654439310690
0.294129827347130
0.330661591154334
0.252486960946847
0.270451994721655
0.273895229304942
0.328834825147572
0.322225131621236
0.312233532081689
0.260566611313695
0.214245062477920
0.280195686247499
0.125753464090705
0.363814127574258
0.259366826726530
0.234521219287527
0.381715544022557
0.175583884190210
0.318271875339293
0.400444277024141
0.390040499233424
0.342963366981120
0.377226923102879
0.281913909815479
0.302015261644508
0.194019561524893
0.381285992639296
0.285422444191614
0.318122793275215
0.276422843091283
0.329125515240974
0.207765389443355
0.378408244544580
0.374802132862392
0.278539270234335
0.165363120158648
0.328279190512170
0.252837595265217
0.239845231215668
0.285240622084426
0.306797955515392
0.356099055271489
0.308805466406423
0.203961333770611
0.326644482187090
0.321328706862897
0.265784354789196
0.364189851643221
0.345797180526076
0.325944380581829
0.242904131864283
0.340116093624033
0.312896605042505
0.267068781355635
0.355486285488206
0.326050050910740
0.264858560180810
0.368860223833688
0.254189545146453
0.403076635431460
0.278579734211004
0.284844928986728
0.285946053435946
0.323933427722824
0.219174747851228
0.172320677583680
0.208988092516132
0.235512618476479
0.143689868892232
0.338385604247224
0.287839183316668
0.281818497297344
0.379085659582797
0.279581961400652
0.355816105463906
0.081476849541058
0.319119161826903
0.245302185515268
0.284839590027446
0.314424993999968
0.241135314062128
0.415369536880239
0.366423569545943
0.351308060185247
0.302159496043194
0.310882981679913
0.360443498524521
0.334507117372779
0.258589655124191
0.326436454340461
0.335809160870196
0.382883459719372
0.348540863292602
0.330647854566278
0.204686671794871
0.447023599385688
0.380241722643383
0.366483487307315
0.355928443296423
0.335447056717919
0.303740827386596
0.255789604846710
0.131515667169631
0.227514401495223
0.298972730027437
0.301884803010631
0.369012957088850
0.348008308268601
0.330506869396631
0.358888961557654
0.182738434467181
0.312148851833095
0.185854093697486
0.234664503702695
0.202712922931031
0.451897013887025
0.335433143455624
0.363116560670547
0.319516672941433
0.097097231518870
0.468312887288332
0.359714750714223
0.174546922708368
0.280694984909065
0.340136266318896
0.206694276991605
0.292938400305224
0.335565620196474
0.252561591789809
0.303692356511623
0.178520842927442
0.211219798466741
0.369471889731700
0.382432355783948
0.397468330215686
0.279612991186977
0.230114976863213
0.296464239851432
0.239253806812167
0.160091676915999
0.322082325065432
0.261580117969665
0.307389531252469
0.290723577751723
0.334501324314079
0.356335809117443
0.254486716964018
0.337211902290830
0.375940283477762
0.251935566724246
0.296633479015520
0.299926562212748
0.227459989473668
0.243402590975716
0.274349826096530
0.351605548495123
0.303472208447918
0.344939531159408
0.344742152966606
0.506602067730531
0.357061811750659
0.360420698397664
0.187508483223565
0.369681448663356
0.180556614721863
0.250178480618086
0.308632073234627
0.193945904128792
0.238117926415637
0.309013548158553
0.317966365973860
0.282217641292031
0.198230128388797
0.286038107197979
0.241542756785574
0.285562320397000
0.177314969965505
0.199592079075908
0.241337912113233
0.311212498473395
0.451261122412221
0.434119476881532
0.102331591839221
0.259049803665287
0.248933120451991
0.335874700414883
0.383817830133444
0.345778098080622
0.306837363793606
0.377861047614200
0.273198316139304
0.264965901173751
0.242450042641055
0.320182310112004
0.327236973615027
0.311180093980754
0.290753959673559
0.344751387584734
0.240489055741220
0.274687232341151
0.149937171075836
