# collectivityArrayInterface
0.881069155552965
0.779904708380871
0.678737578001820
0.525516909461255
0.861778026511229
0.671474976729453
0.590399913531493
0.646440030824742
0.771221328916386
0.623592794953017
0.492679286926197
0.445846125124952
0.386550955613051
0.748624615975495
0.464098855836565
0.520361148518210
0.684908843154248
0.518706408274378
0.538680560763319
0.385660837911570
0.337639834425843
0.513041535122006
0.514959722734451
0.195219703392742
0.612888194332330
0.629720641213374
0.595532286811631
0.402131576730843
0.317719924918194
0.439054830232414
0.471859620644490
0.239210192159280
0.525777174906872
0.364397808206873
0.535153007418261
0.089514201449167
0.147364707762494
0.377330440917495
0.226623725376774
0.181339483311907
0.232801540090325
0.390346012829694
0.441546862044634
0.400651741723073
0.281325952696250
0.167391050393704
0.431802843830317
0.189348541719115
0.596499477683038
0.246219168928615
0.211048290282585
0.212782305273313
0.220171518802987
0.553234730068378
0.461704564846918
0.402431719895665
0.592505034487496
0.303818819992460
0.477414829814796
0.505017535138086
0.160588740638583
0.379947682100286
0.089245174563988
0.520948491613326
0.224073764518478
0.195338784632069
0.424550069465407
0.296026835568751
0.137362380661436
0.250184736806168
0.494774527980667
0.289832445106790
0.383609086876055
0.220933216540205
0.241999152689394
0.452493355204775
0.418454419816444
0.529496609877864
0.504445313295802
0.292228639159544
0.270213639918960
0.530280200514596
0.132308357281552
0.430935095717899
0.401148426536664
0.335755308673012
0.443927977491282
0.193887190427851
0.536615302949440
0.500884042436089
0.482285544737652
0.385822112601839
0.256988328788387
0.318806836086294
0.266344256602951
0.156920128134099
0.457247100899691
0.338995068744248
0.411125656786872
0.597784564094723
0.133079887925138
0.660128636856747
0.535298874097118
0.399443140966547
0.094286223218680
0.322013737623224
0.601571814207052
0.471550872186821
0.289569346584312
0.476085562692975
0.584868155780037
0.309498339182002
0.478762061967189
0.505943769246419
0.455029149291859
0.105419857181646
0.300302948982346
0.440387873574857
0.352075542671360
0.200007546486676
0.145763914292820
0.254872994946741
0.353213675822800
0.297505141290940
0.591205566424016
0.449886766601840
0.405280291573890
0.308887389121862
0.342508889218112
0.337324461617205
0.531818402224153
0.375779742511003
0.387903539086429
0.312215548734212
0.267560817679551
0.602970881213664
0.575031058479759
0.363608833132765
0.356197650973267
0.476465644062162
0.260403788725881
0.159076572956391
0.327527700299893
0.356400796579885
0.253418304611477
0.314491263283522
0.423865152815392
0.394228889109798
0.171693614644036
0.340124884840822
0.497214999814720
0.453649781420368
0.158036559304233
0.530244564763142
0.184452192308512
0.316435865773540
0.550834047338470
0.306894450201102
0.290177800137749
0.327062508445218
0.250376174858529
0.107484115286810
0.445461639437538
0.501439933494261
0.461524772180559
0.177986066266041
0.396978276290049
0.272565959663645
0.344069692808487
0.414241257978849
0.154590529366692
0.338669445053524
0.428655375844419
0.245271900268674
0.451389796737794
0.490877214488800
0.488339634371577
0.330616447427901
0.409050230968445
0.586983701770480
0.174845941387141
0.480647032735998
0.669605930373734
0.213354032414501
0.353490290985395
0.265324823371710
0.406040650832733
0.338836591743092
0.343253074365513
0.482796885824740
0.470854300876546
0.439060386394039
0.555113947661359
0.494467247896410
0.440932259560848
0.482555000736094
0.192992460053929
0.417871552785027
0.418726880697902
0.301974570053346
0.592366495515608
0.420839294389663
0.432233704527430
0.395544227326107
0.254645425554748
0.381514308791612
0.402184742746614
0.507868624855773
0.462452761385219
0.152207666706463
0.188403528525880
0.089725087048913
0.464184946859872
0.356050972702893
0.168800559493818
0.356988965804079
0.446000916511028
0.344521994213651
0.422318466432361
0.472015930095360
0.442593039191344
0.655225485763987
0.310035765576488
0.440241441176458
0.205651479484340
0.362528460348716
0.506692522374173
0.588282166112145
0.270549792225354
0.463669361323409
0.099778894788384
0.384233154456296
0.390479426243908
0.402268112700927
0.458618944714357
0.587988323494504
0.320875768450802
0.357008916772633
0.323359168794810
0.502834051735293
0.398228590303819
0.351307513293733
0.512906717267943
0.502908422268144
0.392012466223139
0.117639565906878
0.662554541192427
0.552276550768487
0.538184788368805
0.246718338512107
0.458081304921138
0.580462396807302
0.390153721626341
0.662140734633821
0.526487321300939
0.413604376763605
0.501877972010855
0.416878938214709
0.402786288352849
0.329837675543545
0.460199772688709
0.309095764541322
0.326485276569696
0.512317840131603
0.154388660014655
0.145574812074710
0.290949891964965
0.231357816446298
0.414089552646627
0.364035741687271
0.524017451129760
0.545607049336215
0.534231331728769
0.534865518677261
0.674841430513349
0.681078872246799
0.234187476292599
0.520439796638664
0.490095238957920
0.425163072077248
0.582120319814243
0.178026618759405
0.572712005571370
0.283718172123424
0.263595368186666
0.346979608624929
0.384483694019615
0.369731861480812
0.519402081662356
0.595915963268919
0.470154108164115
0.606130140759367
0.187797270896639
0.171025487076929
0.502888013979789
0.384861833060313
0.365157993968420
0.248271705532953
0.504238320931711
0.410835184396262
0.481300300523591
0.390758871785910
0.217100597630248
0.385665907545668
0.402043567943948
0.484720772137781
0.378596570905430
0.434648644963688
0.453716806165707
0.350073152784126
0.328288006468898
0.203012535367922
0.441741756932630
0.288986565076322
0.671605512919660
0.387281934868694
0.467514929767283
0.413240124948567
0.201213841725252
0.452660770968481
0.433829595834019
0.156361245149161
0.212231382706293
0.443581659860913
0.252684146677323
0.211081103570427
0.462330226031285
0.486801778696021
0.530607478960124
0.232351775218493
0.295838018497578
0.541245963142548
0.445488675994784
0.495319194965976
0.662587194297292
0.442869485526484
0.469318199357973
0.347971416979005
0.237444775136661
0.368835532023819
0.251540062256608
0.282585771469505
0.296508111354851
0.509190265697724
0.370798019857710
0.247361240101788
0.438256127891693
0.375352802928688
0.291706092882939
0.309343918548282
0.305609685066942
0.137197163087209
0.459307850163565
0.222496541475874
0.419486066958480
0.372761800337618
0.365003550468537
0.584750608430180
0.417204707430733
0.583799510612745
0.338278792279342
0.205588936799581
0.554062820470061
0.143056879372109
0.433461224978312
0.461502195025442
0.269992174685607
0.422932283682504
0.358210528772519
0.371898122064184
0.550858507933040
0.344869237830983
0.218775110591479
0.219122117381173
0.288579639803018
0.147846396646109
0.409973579254861
0.162207000619374
0.537066840604269
0.640981057231850
0.424169836752013
0.140400260872655
0.483829290177438
0.296088928315169
0.631738585101645
0.439497742991679
0.457934350386835
0.309599585819257
0.390503598921541
0.210549053453749
0.364760987827171
0.487555887152100
0.375613967313500
0.281539557721971
0.282753397580914
0.386305697194234
0.341555585341827
0.322413294742583
0.529562145735339
0.114281701879446
