# correlationArrayWhole
0.063754089137710
0.386309350932827
-0.053400899455483
0.276458485762097
0.424977008528167
0.235903555096027
0.670995547339810
0.440516736362014
0.562196702467147
0.187616589871378
0.130818314378051
0.173030209762265
0.244759795512073
0.518034928503204
0.225709533011191
0.025267273165899
0.221409123047608
0.142604134550993
0.204541674929572
0.222054587094153
0.114319149314014
0.063964410119660
0.252355501400598
0.101726945858649
0.231949981140706
0.212318460385249
0.560914453446020
0.706078811366065
0.476086655497729
0.648884167041527
0.335388641944119
0.168581377886755
0.192965257152598
0.457550676103209
0.470227285720932
0.267933364088239
0.308133951293718
0.146538454340868
0.096818739658970
0.148553513013920
0.256288006787100
0.226301856438300
0.213983078961830
0.291930050490860
0.280587548707229
0.206027378642646
0.188568833404413
0.081375861501324
0.482566174525995
0.422115697114620
0.072751976775654
0.264227932721196
0.177012268970969
0.229936017104664
0.179703326856991
0.259425547699720
0.184593113759466
0.364205743767795
0.257650804152751
0.112830273638944
0.135661095560284
0.129248442620455
0.239695859821930
0.248375786829239
0.290215526425948
0.237116127063131
0.494192716440554
0.096112554996204
0.135367021528229
0.130729848944710
0.141903859043825
0.110178510142826
0.172377883421062
0.147940023387173
0.294829202298907
0.128376071233161
0.414079322315861
0.179611879649185
0.088434115727857
0.369382911290424
0.179283437374486
0.141860522544057
0.181327749755863
0.118286537031213
0.384001608181852
0.190231946724198
0.207192989664311
0.104187502689637
0.038571587279796
0.212207922522143
0.554040529715941
0.297953424743110
0.155974009856934
0.127145000493231
0.350444896903569
0.134332557867487
0.211567989750458
0.237263615757506
0.336177409614627
0.361603940989871
0.192979219443601
0.253048878238007
0.296149168082904
0.240679552317555
0.240915475001384
0.112941648471321
0.261538007192341
0.201393050357660
0.070461511237113
0.221252049343172
0.313441901448632
0.100574425038184
0.210125614698098
0.186681839700391
0.224201294200117
0.025465317080040
0.292040940874154
0.122488947027028
0.350096560345383
0.057619879373076
0.003186909524839
0.200026408089796
0.285437017833449
0.190448162605168
0.126415464248984
0.171443898022748
0.077238684361495
0.098081551260027
0.178487521189662
0.185098644786289
0.497322388942215
0.057245317291564
0.233499761870543
0.158567256963311
0.207493691628279
0.219424220470088
0.157392981354257
0.169534998772302
0.105153643826596
0.123945838228833
0.163671925441912
0.273027591689875
0.153786187286707
0.145417732528739
0.146933023345466
0.297734947827048
0.227857702105415
0.168671764966964
0.222226169627939
0.141565096797245
0.475708415080019
0.144989151059063
0.134027709704531
-0.025286754590632
0.145567601842458
0.171808782687119
0.094802706267072
0.099635465587039
0.068285669480356
0.019498198917681
0.464352751163997
0.206822152344512
0.123853775956050
0.086058380933294
0.086373787748280
0.261316714723742
0.144543116836428
0.087754472562851
0.207782704826182
0.091030144974610
0.246889414812365
0.085872371785547
0.274532601153093
0.111657367546859
0.190116388855642
0.128220757455019
0.074292460064061
0.301596727941164
0.282322551019306
0.224337880612127
0.187548704647169
0.022324954037285
0.227403700908512
0.168756928014158
0.054465831232635
0.157433917807702
0.410115870498337
0.440620200632454
0.107058013540439
0.065269219050317
0.155174739627667
0.291036340464214
0.090623994345297
0.106918017981891
0.061564342068657
0.025753577592530
0.315450236904126
0.138283368990933
0.219919912486229
0.368453187152092
0.061787248580135
0.064042045027779
0.084788232574095
0.394078072519333
0.116997512233127
0.110189725189462
0.155745159235520
0.224381344184336
0.113104835358971
0.036444454481801
0.279548175931627
0.243225148648763
0.175761045277385
0.160072072035029
0.154234743787239
0.113090978795342
0.199047668785134
0.119147314288750
0.293029099732962
0.170246957524782
0.009093546345630
0.106305992729828
0.324033506263341
0.283228328800747
0.331304591331080
0.129127866240882
0.201076710408877
0.186269874487436
0.056813697453743
0.141631223607387
0.283045183369571
0.098357947866171
0.180604439621105
0.455891305874283
0.505511428896878
0.024679230970241
0.175843089971186
0.223187661242379
0.148793869932615
0.143358825903063
0.091700777567107
0.244595490874941
0.190432334648308
0.069067053844994
0.317854009113184
-0.003413162249859
0.163461355011440
0.204898233118758
0.118635586441552
0.243443190270446
0.213810023049964
0.105403098498641
0.246788471710550
0.087335624379985
0.177947971419778
0.093289636600855
0.123560989350368
0.068331254675689
0.164134799264360
0.259032723356334
0.163114633033855
0.187136470296600
0.081329301525926
0.327879069689826
0.282866272946772
0.267731301352766
0.117587263047972
0.200764965239087
0.368742461933561
0.192849069513187
0.161018360896429
0.100794043447722
-0.016013234712727
0.091016364586231
0.116501915599133
0.134008026071055
0.046350119182272
0.168747473959306
0.173311953938445
0.292888331296457
0.099777710341194
0.182885915498002
0.078548841047398
0.103313602028026
0.162912901413124
0.187729072955917
0.241660831322156
0.454530562836880
0.189254706015227
0.141455834803074
0.355218369082751
0.107495806227838
0.158488022462072
0.219476947307915
0.152044221383617
0.035632692506943
0.285331824806803
0.185911995128113
0.111684430780093
0.300617604609502
0.139624611860270
0.166267591356189
0.283725383088897
0.107443057281029
0.297844754518276
0.365070714696154
0.202296086003203
0.125008908038746
0.260592895102196
0.078158202673624
0.169276544910069
0.269937133300784
0.225548491208185
0.266090168695775
0.313059794782453
0.069653614863683
0.065184467137108
0.176383915288861
0.488888305152532
0.327271486097946
0.255026830187672
0.078947132774214
0.168971789504101
0.212384581652793
0.137204338634548
0.350292102202278
0.171992510440902
0.390753292321868
0.101913759882999
0.231965328425191
0.297933561930437
0.097174930158812
0.195997815777173
0.162757047230691
0.076450081325739
0.363770284357364
0.169007547304490
0.463136307153694
0.221649194694813
0.065925985706930
0.233431827144430
0.331942709228858
0.396386883246491
0.462453051571844
0.167906679881606
0.154939747725525
0.269732792368100
0.157621459557919
0.144495646101056
0.056606272445305
0.335933576617721
0.246955925733232
0.042520030361554
0.343326520974551
0.180026956191171
0.517021740159440
0.149837025136850
0.348328691165597
0.379613451632577
0.134314127642986
0.078751650607555
0.191359018723166
0.020608106908736
0.387415476536050
0.222233335751727
0.276275930253508
0.124770237635626
0.104405093944054
0.344775875780233
0.084262437199965
0.238302043778486
0.325156134510387
0.183695939289836
0.177793386908717
0.109702202511279
0.181653676728932
0.289933790565248
0.256541983686785
0.216273680903147
0.282256952402056
0.239162803991176
0.258840786022359
0.167555907966790
0.200835769433672
0.278377551115061
0.209535032991437
0.102081289747568
0.330301410606382
0.104678697001351
0.223422574855531
0.266576471477278
0.346774290552364
0.260151435026304
0.181609173536843
0.117518630665157
0.300057767126922
0.181082280980265
0.218447942501811
0.337325009034580
0.444014237389043
