# correlationArrayInterface
-0.341255554152984
0.144369490952871
0.115332445883795
0.196665392201842
-0.138840020458394
-0.258475667953697
0.131799090175991
-0.115630122523968
0.500464828940316
-0.224096013030570
-0.197841200811366
-0.211607756000091
-0.207923782797530
-0.408280191280307
0.020427658955588
-0.148557489092028
-0.212042425653410
-0.095916010631078
-0.216094724282662
0.007016108046619
-0.144280835255254
-0.241089505322062
-0.310159683257607
-0.066999131019638
-0.029668045189814
-0.081361783694511
0.240112104156627
0.184667800464476
0.057204052359300
0.154511328230452
-0.106354247127488
-0.096721717602587
0.109028420893581
-0.069315706317447
0.188782021355381
-0.066341573614980
-0.061672228963444
-0.236363983807174
-0.164825867562612
-0.133587660551153
-0.058898314017942
-0.228607151730708
-0.104347947138606
0.107626292482822
-0.193498377459265
0.039401536354784
-0.032628754009525
-0.173270001395470
0.049482709730544
0.000322964212433
-0.192145900274231
0.022869345362924
-0.217363268309861
0.017161735235071
-0.091393566890708
-0.165654318047333
-0.068590765673325
-0.001863054899782
-0.000881102139879
-0.119025622600977
-0.108204313697316
-0.216277732281521
-0.107094974052280
-0.062482936868192
-0.078682375402612
-0.146457004704341
0.096465029387202
-0.154791850256405
-0.109335468439082
-0.047940701043943
-0.083816275451339
-0.116992711106006
0.088810023848057
-0.138925508785009
-0.004407007175387
0.048487391780121
-0.005625103266996
-0.134728152184515
-0.172349865930044
0.048684020302989
-0.103917289832731
-0.073798471878561
-0.062953103685617
-0.012529257751638
-0.113077876947476
-0.214045747287733
-0.238811600519539
-0.183719523383759
-0.075441286452921
0.034631687622033
-0.015957734452451
-0.266686172354351
-0.100792799437550
-0.126901251963113
0.170649296232551
-0.050096227418101
-0.053177216228594
-0.140652589881011
-0.190084096786602
0.070042208076961
-0.072391560086920
-0.103062782053179
-0.028443982128395
0.193524554351462
-0.071346770957797
-0.035225985054658
0.118251496682458
-0.132236417125557
0.168712218687323
-0.080788716972900
0.045113481056045
-0.188544369346720
-0.033747619918352
-0.050323177670423
-0.094346618035193
0.039450784292636
-0.051475671425198
-0.060464969631054
-0.041973534044692
-0.043794473177025
0.073632079063280
-0.168372130918756
0.213882180546201
-0.123696824283082
-0.046369043856882
0.204919655180400
-0.172060499900704
-0.048574336386663
0.188969941121806
-0.014028308727217
-0.115848930590239
0.480345457993231
0.438033950329918
0.276544294594794
0.420802148422781
0.357714485720415
0.246981378914694
0.496142552932681
0.461992602698625
0.053767152060416
-0.128259406059085
0.065256966253384
-0.215877633276743
0.067775794134399
0.021575135861430
-0.207378876937232
0.593189874150424
0.477851929123711
-0.030718549040332
0.257599895673961
-0.061733528643781
0.378765560870562
-0.019278567534784
-0.180010752956394
-0.063969549373180
-0.102964632624052
-0.192716698981659
0.520143012852542
-0.179752098979655
-0.035155596239226
0.117521291532969
-0.109703510155680
-0.082475796290300
0.333422605507149
0.286240463975669
-0.105866411008082
-0.100547413188723
0.039877228668758
-0.013627748488950
-0.071634440588160
-0.098193750390100
-0.098487662639324
-0.168383997466744
0.647021390376383
0.066761415281400
0.104397767934895
0.074233051917196
-0.097683819145429
-0.123579243373137
0.172090109694811
-0.159701317003456
0.028448193657301
-0.069519696571774
-0.096694724339675
0.001806058794720
-0.010025957895079
-0.087337167768464
0.495172416659481
0.111095976284607
0.006321902283142
0.313549528619244
0.526570723591036
-0.006088646042089
0.470527727797840
0.143136793734222
-0.188982557578664
-0.133011259947715
-0.067661607926344
-0.014777911447793
0.042520288412845
-0.016500344865167
-0.063319008385554
0.082094192929294
-0.195335835647856
-0.180565533759399
-0.005557519003110
-0.221066911259232
0.142376038145292
0.120933949991120
-0.094433211662003
-0.148667709517602
-0.006209325379246
0.098325704221410
0.059355578136284
-0.076114508526464
0.331884749644699
0.393850684733007
0.011012397574104
-0.112018303428210
-0.053541702392999
0.226723213285984
0.197650930334583
0.780734610703826
0.123054422824779
-0.089356078170856
0.572713026784560
0.500938936941442
0.034715251716200
-0.104846148260527
0.350807767341248
0.074279668393974
0.060362107787945
-0.073405667319382
-0.174374361678818
0.087006356020673
0.015257088394445
-0.108506587062534
-0.070124703564761
-0.107022498380364
0.000258193681914
0.255661583834891
-0.131233760321171
0.022966979090437
-0.086412855074364
-0.053327455791301
0.016059019445097
0.062142800851353
0.351391791577682
-0.193918506369825
0.020354187633572
0.312554259303762
-0.078280039509846
-0.207877152648375
0.273234973705499
0.233513615316201
0.156730642978763
-0.136072596040939
0.289520423241412
0.122469059801411
-0.218903422018357
-0.071083338889025
-0.071654155177475
-0.065293626725107
-0.083640903567474
-0.105763278956280
-0.098886622551883
-0.164843353184972
-0.162294072317018
0.403544668951985
0.057396572706900
0.059682100468482
-0.012244989416883
0.117217566010113
0.177642761770012
0.224947966795327
0.125799910717436
0.205090330304910
0.106153442806240
-0.245115830275954
0.577351849594953
0.226146496816339
-0.075940471875451
-0.087395117517359
0.003977700781808
-0.173866939102743
0.172421515502599
0.639995134453906
0.492223452995182
0.248398570650739
0.232140352515516
0.479945931491693
0.081186612830814
0.066081936532378
-0.124992058612284
-0.212167154971675
-0.198830178083881
0.715842619949636
-0.054493184357507
0.091203001853501
-0.086764436708058
-0.160312444388377
0.210561085909814
0.003213449052253
0.079980886178834
0.178672629042529
-0.153772343583078
0.126250004473900
-0.033205899225732
0.197435470931567
-0.102887713096453
0.545780149756934
-0.160261816650630
-0.149626469295975
0.135918257235040
0.184296581662069
-0.056639287803165
0.105634057352747
0.517132432948155
0.076398395740975
0.315953742873175
0.185157656860821
-0.132407232070195
0.056911749235987
0.476325774362658
0.176237960832041
0.680601633166858
-0.139230633972355
0.426232527737743
0.331073898950522
-0.225151088615939
-0.004964892071019
0.115122843347915
0.292415933513712
-0.128698103563526
0.104350809865062
0.021034610361961
-0.079080992053948
0.558415994136489
-0.210502762164535
-0.108609945161122
0.245595993921888
-0.179172607570167
-0.020625816167989
-0.083273791384643
0.388021361624786
0.110784525296700
0.093954297268716
-0.180043305553995
-0.121679473108728
-0.121249342393177
0.308942542936034
0.013951805058223
0.158502354837492
-0.150809619700691
-0.086884330442287
0.556236658096538
0.020298849092766
0.520607835478284
-0.127951193221752
0.328505523922507
0.065881790858688
-0.167048626296726
0.162635334097981
0.087883057932476
-0.086444401667065
0.306520351478718
0.076024878858850
-0.026866277862176
-0.022340971735621
0.087714170574145
0.204598368453785
0.202896278303999
-0.104114075664055
0.042331732772335
-0.083324648681612
-0.087558557923631
0.118502560523598
0.002161616031618
0.076094531980637
0.376319937767418
-0.024487643471625
-0.112270759680138
0.140312768597624
0.249365495869014
-0.160097953814437
0.395117621172395
-0.007337020015292
-0.192446822911610
0.111905296936876
0.185632632314488
-0.112259101425741
0.099082068656531
-0.063255325733534
-0.025757607324863
0.008622962510030
-0.185303896349374
0.659911071531563
0.007854849176006
-0.192463262608376
-0.006786132416496
