# cumulOverlapWholePrody
0.001887405733301
0.032127195889874
0.032639138002393
0.071394426475505
0.214703360426433
0.300731316462799
0.304694556915616
0.420163589424469
0.420196646411652
0.477844660299697
0.564639567183692
0.590311424589224
0.628760768621709
0.665294179753081
0.666094468135352
0.668853936020888
0.670415754111805
0.673136846628563
0.675981309203349
0.677373067946274
0.677438240624525
0.696569861622429
0.707571651582256
0.707670544798564
0.756715840978582
0.759594289421072
0.761422271975668
0.762311386563944
0.774008153372042
0.794025227962004
0.813264089667231
0.816554732501378
0.816607826697520
0.816692391257140
0.853296642788414
0.853606176183960
0.853626238737476
0.854681962983994
0.856162760297557
0.856163027631513
0.857822837650119
0.867802026575263
0.868012728995858
0.868627858750135
0.877207474067073
0.878260747996284
0.881740158788873
0.881757838336825
0.884956594699794
0.888256750709795
0.888380837393317
0.888613969824013
0.888690481853296
0.888855903351063
0.889236212597660
0.889278641494760
0.890117579392952
0.890162029302526
0.890313339591144
0.890465409754003
0.890845378295711
0.891727052886310
0.891752808872546
0.893114414577423
0.893571140541807
0.899355692610591
0.931994777100921
0.933835776328623
0.933934042514700
0.934421249376573
0.938432594748984
0.939517183482837
0.941529143729261
0.941728615694724
0.945271405522354
0.948007377545475
0.948094493214051
0.948103918658201
0.948264296861866
0.948326341216957
0.948856992102726
0.950501762457830
0.951445132283729
0.951445701306799
0.954081306239343
0.955156506743478
0.955570425525904
0.955767284773764
0.955930734077576
0.957235697368402
0.967502089611555
0.968816321286833
0.968825767019945
0.969784092580605
0.975827661742053
0.975863862175672
0.977356870556306
0.978244853315192
0.980185455094735
0.982793712327359
0.982992677176752
0.983677917669968
0.988719571610899
0.992919872843284
0.992965476269901
0.993753477695584
0.994137112217387
0.994210834171321
0.994370938451762
0.998242291071364
0.998258274351394
0.998353683095958
1.002971311886288
1.003009808022255
1.004161389684636
1.004291155407375
1.005060418435088
1.006014065331925
1.008017936989656
1.008544206882751
1.008831664301088
1.009940035478012
1.009961955402184
1.010029721492572
1.010095530989746
1.010269255501854
1.010364292469937
1.010532297946101
1.010840655954073
1.011157757368965
1.011163656538938
1.011349471084875
1.011654077294283
1.011986201234510
1.018291216787835
1.022295856431189
1.024205745687609
1.024523835514994
1.024527467490070
1.024602887906639
1.024953788122426
1.031238692035382
1.031256781014559
1.031677437303520
1.031911504285769
1.032434183968877
1.032731651219102
1.033668274156207
1.033668322806187
1.038125710491515
1.042091963415726
1.042698731198870
1.042778317033856
1.042800472275769
1.043436809953236
1.043616427063023
1.044172069435553
1.044765117906272
1.044887120844867
1.045046199158058
1.045134887133973
1.045224714689702
1.045436631988454
1.045471225035455
1.045569881083817
1.047855247743632
1.047887530015149
1.048554618503794
1.049187262222951
1.049218616334188
1.049230027953712
1.049623518906342
1.049890155137292
1.049891489663600
1.049928874845616
1.050114637289046
1.050381298663011
1.050654868359117
1.051237398652748
1.051291534956140
1.053030786928485
1.053036360532581
1.053136558683061
1.053228897162462
1.053260960569686
1.053261305830144
1.058015347017111
1.060457240564181
1.060494703438720
1.060528277077682
1.061714121961436
1.064531681286506
1.064562426094326
1.064758986384399
1.065765122234539
1.065995178268880
1.069952258083842
1.070179510175418
1.070338017191971
1.078546925592391
1.078549486229149
1.078573152080405
1.078574940950437
1.086166851540908
1.088170542987535
1.088632589665980
1.088777351715268
1.088854670103629
1.088860883542119
1.090489658418631
1.090539763648246
1.091131624409672
1.091456733367296
1.092797964983864
1.093071860311216
1.093533587553521
1.093694346559899
1.093945550813890
1.096582645231387
1.096722567545793
1.096763695320545
1.096988539839708
1.100722923176071
1.101327951344117
1.102105689745601
1.102201325999677
1.103110333007079
1.103361016148283
1.103381768166074
1.103391443604519
1.103466045419638
1.103466048440583
1.103599941848009
1.104084583618954
1.106298178065796
1.106332068620618
1.106536452674385
1.106546275459128
1.106810248009447
1.107141393912230
1.108141637664647
1.108501242022764
1.108582218910838
1.108793346144233
1.112144886551838
1.112150214655636
1.112151191916850
1.112233444026293
1.113464027131612
1.118066530310032
1.118120474442646
1.118281772733598
1.136459708364590
1.136660992253195
1.136675404130513
1.136766341398344
1.136845496245103
1.138272727333161
1.138279816914168
1.141521038421569
1.141634606424289
1.142137596238248
1.142206960250942
1.144800322774445
1.144806424531839
1.144968826044110
1.145361581161356
1.146115244268401
1.146119560004315
1.146123222174495
1.146200953124711
1.147423738869608
1.147513890788072
1.147522359039021
1.148186925643364
1.149417234177025
1.149487779416677
1.149588324250700
1.149940841982555
1.153567291313422
1.153630915748403
1.155923254373484
1.156033766711783
1.156168746587741
1.156259712629702
1.156272469687982
1.163347400262824
1.167900841098608
1.168215574308574
1.168742488152666
1.168840453343173
1.168841903129478
1.169045975557089
1.169573136039140
1.169577284864356
1.169673288483059
1.169816002527676
1.169819441037854
1.169837159726066
1.171278220369051
1.171591442474712
1.171852896925491
1.177517833089683
1.178388587222022
1.180750724136443
1.181919822268797
1.182683367513224
1.182751641469229
1.182970426594578
1.183031225577198
1.184590378524624
1.186195339099964
1.186924220430796
1.190950218830552
1.244959849364634
1.245010648695333
1.245605208463835
1.245605397000018
1.252643525880466
1.256506824739887
1.256671414944673
1.256681783707949
1.257110951445991
1.257699175844053
1.260416709336500
1.264461812522775
1.264513239315013
1.266218032569232
1.266348310643119
1.266365325908230
1.266946315950571
1.266990671571386
1.267027133096151
1.267149806161306
1.267275389491801
1.267506842445134
1.267507233283745
1.269286889723185
1.269331456564575
1.269379372068502
1.273872565651430
1.276931679668934
1.276935677517625
1.279272139897475
1.281022510164496
1.281518433417328
1.281629319073731
1.281651122574774
1.281735871025061
1.281937697100312
1.286112154614739
1.286903364495770
1.287149441918631
1.287873019639030
1.288177660061106
1.293497554133608
1.294375899643995
1.294684513319073
1.295546381957002
1.295565150638020
1.295851835662119
1.296081425931189
1.296107963778619
1.296129674257584
1.296938992714568
1.300608368972004
1.300720415410615
1.300897067829838
1.301829414838779
1.302385451107509
1.302420237944421
1.302585614187165
1.302616773661588
1.302698611434037
1.302726819817613
1.303032583570837
1.303039148447908
1.304388916669552
1.304403179723932
1.304403692541037
1.304753213943299
1.304813921007840
1.304906460437089
1.308246328701066
1.308334707625084
1.310548241485671
1.310897380450505
1.314737033096242
1.314737106343839
1.314926476822312
1.315802481191503
1.328868519949799
1.328951144354267
1.329618555810052
1.329618606713916
1.330456494019325
1.330477147287978
1.331015554402239
1.331272987504056
1.331300794773297
