# cumulOverlapInterfacePrody
0.040692904309850
0.054512835589169
0.066256373561513
0.081071273839637
0.082400654323040
0.107420952618333
0.108522990755199
0.366299926650303
0.367447704234640
0.390076730223773
0.426594972386606
0.450022064974544
0.460547323382758
0.516244397149487
0.517447694519233
0.536405262743070
0.541521839490645
0.596334116361869
0.634132271087961
0.696402328751617
0.717694714019895
0.735371023125654
0.741525197998424
0.743096498108923
0.744425240570278
0.746909003477204
0.755494682867694
0.755541012724721
0.761814521867776
0.762818280538609
0.772871537157089
0.772915315891206
0.785412472431105
0.785898413728609
0.789105488459965
0.792305701206493
0.792307840569390
0.801660642304181
0.801936422429004
0.802838439429198
0.806090060761001
0.848701860970368
0.849696580913743
0.861855443496664
0.862195481204103
0.862243560473396
0.890928841246148
0.891025426574283
0.891422182468813
0.902525450192631
0.902543803971365
0.904878585825449
0.905848209079364
0.928347984170657
0.960405864303323
0.960530327641544
0.962772709260452
0.975535456499508
0.983186036481123
0.990700303821423
0.999786561141923
1.004852578646332
1.005164344531304
1.010938329295649
1.011953904891118
1.016648004613913
1.047414599662820
1.052929387285954
1.061166857036809
1.061507868872084
1.063119036747325
1.076087991280199
1.076525568835214
1.082685833554617
1.088569847094978
1.110745473652018
1.112841882194897
1.117768679538100
1.117782469176924
1.123424330151020
1.124403094600054
1.126198743008415
1.126332933705833
1.146288225387580
1.155747013189156
1.158794011301369
1.160820454249818
1.162346807503484
1.162347968150746
1.164210207606946
1.164213833206455
1.164619309154699
1.178524250393644
1.181521650026115
1.194042013152827
1.194054372935448
1.203718253703286
1.223319327591834
1.224543030434017
1.227469990359022
1.229031749193659
1.244483201577271
1.256602491188937
1.256832085150979
1.261085090419119
1.267718615820730
1.271680610625311
1.274621853168300
1.276716448878772
1.277072259859993
1.277184256460084
1.279392460863510
1.282122932046008
1.282214622586364
1.289603425063871
1.294986367090324
1.300674749247792
1.306949277155308
1.306965892861060
1.307094846077960
1.307991876950501
1.308419668073888
1.311139782487196
1.315912139330389
1.319580583624288
1.335913400691084
1.337315355104486
1.341392453941747
1.342334984045827
1.351338358337834
1.359601096771162
1.377484022829196
1.395602960006953
1.399440491769344
1.406188596852750
1.420040417057127
1.430511825858319
1.463672030300883
1.476512713541245
1.477873818869062
1.480188474195972
1.481642048686814
1.481650739092666
1.491070805564022
1.494148687823989
1.497511024287908
1.520001524071794
1.535583509443104
1.543642105415723
1.551819304866152
1.557453406853832
1.560248897452045
1.562059984351596
1.570189098193064
1.572502107395658
1.574024939103399
1.574220685456448
1.582697341344861
1.583015613579132
1.586055188536539
1.594181486481873
1.594322442626083
1.596716811004333
1.603896610249139
1.612701927518023
1.615216319342515
1.615285310487619
1.616554222516501
1.619014706536532
1.628248939614434
1.629357892583690
1.631157079019149
1.633887769553888
1.674404841564116
1.674882567636860
1.682712155570478
1.683663105952901
1.683971679163679
1.688562038530730
1.689183745783367
1.689282752921745
1.690511248921134
1.691149554771272
1.691188164201886
1.693111670569798
1.693119160949325
1.693141193788624
1.729513633404812
1.734984618683299
1.736137104478484
1.751257320215670
1.758366136119822
1.764701553671363
1.782411870241499
1.813885381904675
1.813922078768221
1.813923603580368
1.815102397129943
1.815509276856201
1.819127735811142
1.821172186006975
1.821255118333145
1.821792795021517
1.821897657323319
1.821975782687481
1.821977295373176
1.822103968077120
1.823703580236594
1.833830895717864
1.834715747696265
1.834724439316130
1.834827652824908
1.838740703252130
1.843089824097933
1.843107452604009
1.851518325334029
1.851523970553063
1.852761432421439
1.856890968158138
1.858026641391142
1.868182406139406
1.874285704595939
1.927054077171493
1.948003452838652
1.948003453263986
1.969871872012142
1.983224665928368
1.983499025169294
1.984356067486545
1.989762990583046
1.990166327538975
1.990260802338457
1.991245248771349
1.991513756349242
1.995990980968911
1.996713310136024
1.997423372954025
2.000851682399791
2.002785089114755
2.006805929571915
2.009639196150983
2.009812928975541
2.009867812639246
2.010658894251377
2.010850774144732
2.012413814296623
2.012782381690219
2.016261719133235
2.016375502350473
2.016715246606914
2.019000249949430
2.019020706891473
2.031064909290653
2.034842428272417
2.062665326562389
2.065422989691277
2.066257252136051
2.066357504773499
2.066359962372102
2.067214134253637
2.071266731320994
2.071669486304324
2.071771156585895
2.072384939991645
2.073529983504827
2.073878896359234
2.073948952077803
2.075210071376294
2.095484399208849
2.095506873773191
2.101718455960811
2.102093466084429
2.103313396942569
2.105289263128394
2.108205542361091
2.110399603167012
2.111007718801241
2.116432331781565
2.116799955934017
2.147554670128434
2.160953264945255
2.165435145017639
2.174923163137148
2.175958814768976
2.176192998537308
2.179899033213732
2.198637410673609
2.217296000948830
2.217529498974817
2.232211549940221
2.232672446617143
2.232765559485727
2.239349558257662
2.241202001662919
2.245511627130855
2.245520784657334
2.276726031207151
2.276774672535043
2.279106855438970
2.285293186836673
2.286645218012913
2.294091414021054
2.294194082338401
2.299100010368211
2.312132195011388
2.313488763806442
2.326591107135041
2.328700221489236
2.331253922277486
2.331818614486052
2.369013891134043
2.379232385058277
2.381153500480717
2.390692232015510
2.399323685843689
2.399606581369609
2.400263416811722
2.408567724815378
2.408908909326581
2.419038438137227
2.423451179263409
2.423941881729261
2.424816969642478
2.432541199304965
2.433739231366626
2.452627045701529
2.455642955459014
2.470103751399958
2.471067020165887
2.471311315078375
2.478327944004358
2.479718308688633
2.482464923392554
2.485352047218822
2.485373372596057
2.487825146423361
2.488263723355534
2.514128154691817
2.514196432131235
2.522675745928574
2.532971555203252
2.533291882801166
2.538947311873839
2.542100880162125
2.545403376283585
2.545505069927905
2.545515058179801
2.546089526561198
2.546373851669639
2.546699597974364
2.556489840447073
2.556543191687167
2.565495566346148
2.568195514685118
2.568302460836789
2.582681670139861
2.582682753809897
2.594711640411425
2.595474589168135
2.600716504417697
2.601106957306073
2.603042334963465
2.604697114299399
2.604729998282381
2.606807431692940
2.613922611752876
2.614065557645891
2.621786137398688
2.625978285174967
2.627350565092376
2.629619670485046
2.641479387607534
2.641785443454287
2.642049655665703
2.642153625318631
2.642848991964188
2.644074839782625
2.647267459753827
2.650190597081154
2.651551156239354
2.651553852209589
2.651766040992667
2.655270417235770
2.660543033287857
2.661279283469314
2.671213841844644
2.678412122306998
2.678446852579854
2.678910918470728
2.678949026425737
2.681655380606471
2.690067365229354
2.691630858810976
2.691874831976439
2.693559477873299
2.695253101823297
2.701207483624233
2.701635135589342
2.702655017019615
2.702754304790332
