# overlapArrayInterface
0.040692904309850
0.036273086204529
-0.037659763588624
-0.046718779997540
0.014741654957424
0.068915841637210
0.015426550522491
0.349854822378604
0.029020321901900
0.130927614026845
-0.172694571435986
-0.143305926250186
-0.097897794209422
-0.233247594871231
-0.035268101381177
0.141345284092509
-0.074265043909431
0.249736812848565
-0.215660285862010
-0.287841043382455
-0.173520889351754
0.160264902959982
0.095336654093428
0.048298925817695
-0.044458219671645
0.060861487635397
-0.113574452963892
-0.008366962874278
-0.097566099745409
-0.039119859346018
-0.124252500271344
0.008226335249811
-0.139551661799989
-0.027632677228275
0.071071479627881
-0.071139667181347
-0.001841212485719
0.122098612571237
-0.021029507808770
0.038046474302881
0.072329981560649
0.265544088160312
-0.041102686067214
-0.144258538285698
-0.024212441511392
0.009105480166595
0.224254860786486
-0.013119094392463
0.026593168212495
-0.141133556774957
0.005755852820442
-0.064961042158840
-0.041901346121882
-0.203147733980548
0.246067967184865
0.015462410257086
0.065671754792594
0.157283620224717
0.122414686389163
-0.121787970097209
-0.134484481811593
-0.100774684183037
-0.025033072221837
-0.107893216292923
-0.045325489355370
0.097583091061248
-0.252000353772323
-0.107624119153413
-0.131965161550335
0.026904594477045
-0.058507526158661
-0.166563137226982
0.030690965747723
0.115331321954939
0.113029632506383
0.220842014195808
-0.068275526571647
-0.104832085685947
0.005552246654643
0.112448108814716
-0.046905155056875
0.063571138164716
-0.017385879231526
-0.212957315234344
0.147561725503082
-0.083978581389918
-0.068560676607203
0.059548080647369
0.001642604829943
-0.065822552609573
-0.002905500483594
-0.030729234072791
-0.180502835185299
0.084107078861017
0.172461357102463
-0.005432895380086
0.152222826055167
-0.218111308650534
0.054730760316200
-0.084716845122160
-0.061939190292143
-0.195497822192449
-0.174101642307670
0.024022268891870
0.103482921356334
0.129517889193079
0.100304967683235
-0.086540702180119
0.073102819804927
-0.030144088413598
0.016913546215612
-0.075136169485073
-0.083630998821403
-0.015333802399864
-0.137850119920797
-0.117952096265077
0.121511778774789
-0.127912508090388
-0.006590299335090
-0.018360052871901
-0.048433599132510
0.033455606915537
0.084412685172248
0.111969769208077
-0.098326793099007
0.208258727230820
-0.061218827595936
0.104505294093757
0.050294074218056
-0.155731015927721
0.149665572614927
-0.221239894251377
-0.224154832271050
-0.103566732223506
0.137596075216849
-0.197859586972871
0.172769493385612
0.309793041181700
-0.194303836719251
0.063413178832915
-0.082745964517769
0.065614337566265
-0.005074664223746
0.167341670098925
-0.095854859661917
-0.100294399333527
-0.260509818081311
-0.218201927794009
0.157525347606936
0.159098099746604
-0.132355428922811
0.093356882337167
0.075198222799385
0.159569449995410
-0.085258862761819
-0.069221609022581
0.024824536239567
-0.163585169808027
0.031742062554682
0.098145953805335
-0.160759294468094
-0.021199981595376
0.087410087991304
-0.151590770909157
-0.168294891935759
-0.090090239482599
0.014929032343202
0.064038426423858
0.089224803982093
-0.173164630840008
0.060104349004339
-0.076591607304698
0.094423657329610
0.366117918102311
-0.040000524002689
-0.162137543865710
0.056579641588858
-0.032236033849918
0.124423236341579
0.045825419274368
0.018289130655736
-0.064436506811167
-0.046460024474586
-0.011427604012802
-0.080682849993690
-0.005036283758422
-0.008637646104240
0.352831838173859
0.137674321986776
-0.063248861486221
0.229630477206391
-0.157953369840537
-0.149399146172836
-0.250640183625202
-0.336434397037029
-0.011538160830776
0.002351974311913
0.065405446568885
0.038434649524396
0.114681231448071
-0.086269414557261
0.017380304061017
0.044258128492198
-0.019547014295995
-0.016872431344005
-0.002347798052549
-0.021485009356153
-0.076366734154246
-0.192460399879071
0.056974737869335
0.005647422352084
0.019461432297658
0.119895196839465
0.126541399933831
-0.008061150729712
0.176281102796894
0.004572142260679
-0.067704593165925
0.123770522172784
0.064953310092569
0.194531494852563
0.151133715113059
0.447873323486205
0.284921104743110
-0.000040707591202
-0.292707598494136
0.229749610232672
0.032989502888867
-0.058314832788288
-0.146587025767356
0.040065603402219
0.019392010080176
0.062606544622387
-0.032701696802972
-0.133614948194312
0.053703321732669
0.053254933561817
0.117078282098096
-0.087981010555262
0.126972145703689
-0.106675488006257
-0.026425570398242
-0.014853107621692
-0.056396495892066
-0.027778532112028
-0.079300214964508
0.038516958221855
-0.118399341212521
0.021420701132628
0.037016474949193
0.096029284070415
-0.009088760129008
0.220862063051364
0.123931602691712
-0.337645585644384
0.106695252671001
-0.058710353938385
0.020354496528700
-0.003186935938136
0.059420390133191
0.129505194564302
-0.040848356237053
0.020524735731203
-0.050434256640879
-0.068900311968482
-0.038040560861606
0.017046379686667
-0.072336605650152
0.290788629396109
-0.009705189489261
0.161466436436817
-0.039704811151221
0.071626151671299
-0.091190107388930
-0.110850022094405
-0.096207464395740
-0.050666594428067
-0.151433900339159
0.039449187975249
-0.362145009282455
0.240266418975085
0.139249251344510
0.202932004062778
-0.067126731041427
0.031924963774308
-0.127058365027115
0.286437896597833
-0.287045453212764
0.032179543188635
0.255599931265684
-0.045363533778304
-0.020390923035321
0.171593707469629
0.091104161206235
0.139054145288743
-0.006413013974007
0.375656527759300
0.014882483690126
0.103078363451591
-0.168038362564058
-0.078621900633362
0.184686390467185
0.021704182809257
0.150114523742955
-0.245141651975078
0.079214727484720
-0.246568285757105
0.099088555162353
0.109087710445055
-0.051314722346412
0.418149214422804
0.220272389835937
0.095630804354430
-0.213347967807833
-0.203334210676024
-0.036845568278933
-0.056149129399656
-0.199834969256245
0.040541933977699
0.221144368574962
0.146180207578907
0.048771177225692
0.065139007245606
0.193699122480995
0.076354174587751
0.303797266303686
0.121667166437258
0.266889898618636
0.068990401298816
0.034747631327777
0.186359282029257
0.083027058316820
-0.116744187987172
0.119761023460864
-0.010295756150282
-0.110422633399684
-0.046716140580375
0.359699904429979
0.018528926772832
-0.206662090754102
0.228149031057532
0.040284786179122
-0.169368500628405
0.126583697408701
-0.129620457778955
0.022753308172522
0.007130946041471
0.054082953363426
0.038051480946850
-0.040731435721225
-0.223520607520461
-0.016516254203183
0.214136428427616
0.117731477129166
0.023437762084923
0.272152675783500
-0.002365914337364
-0.249556186177530
0.062927308308465
0.165039369039956
-0.045067360644382
0.100359325754979
-0.092831350456450
0.013088419022689
0.104051054667459
0.192734102595874
-0.027337143917161
-0.201056734742727
-0.148321960459429
0.084906052085613
0.109218219682680
0.250027485996229
-0.040211616374995
-0.037363802754708
-0.023439214601280
0.060621898203078
0.080504434942363
0.129974017018652
-0.124439533050732
-0.084931344607801
0.003781139147710
-0.033545565942668
-0.136373943572431
0.167416377123430
0.062595468257636
-0.230165080408564
0.196234828862390
0.013639837750146
-0.049861478184560
-0.014289054752725
-0.120447889762480
0.212571985775076
-0.091729224522570
-0.036241287569161
-0.095249933401010
-0.095533355677629
-0.179255646213600
-0.048068037855570
0.074241061215817
0.023166593219046
