# overlapTApproxInterface
0.040692904309850
0.041091246327238
0.081786260309120
0.083302266023548
0.084411775882604
0.216008292378835
0.220835371310720
0.481739754386283
0.574817403190697
0.576371436535277
0.585027205003302
0.599848837055967
0.616772786796650
0.682403373732488
0.693794676640320
0.713819488019708
0.714184431297480
0.722775488972776
0.726358214288432
0.729673808491245
0.823321957266828
0.858549182129750
0.888898964266901
0.899501353243312
0.915755643575455
0.929028565089769
0.932154002495007
0.932154002603920
0.932154002863039
0.932154002957672
0.932154003157902
0.932154003190304
0.932154003190916
0.932154003191353
0.932154003271497
0.932154003280655
0.932154003281060
0.932154003281421
0.932154003281761
0.932154003282019
0.932154003282346
0.932154003282622
0.932154003282870
0.932154003283105
0.932154003283321
0.932154003283543
0.932154003283770
0.932154003283998
0.932154003284206
0.932154003284413
0.932154003284604
0.932154003284797
0.932154003284974
0.932154003285179
0.932154003285368
0.932154003285570
0.932154003285759
0.932154003285961
