# overlapArrayWhole
-0.001887405733301
0.032071707396773
-0.005758177992467
-0.063496856632648
-0.202485478112966
0.210574907629198
0.048984163895647
0.289307222281177
-0.005270652478144
-0.227530872018137
-0.300802794954526
-0.172190990389081
-0.216500637775510
0.217431003896782
0.032641918865050
0.060693881488308
-0.045735059097656
0.060464294651846
-0.061947688441362
0.043399801689343
-0.009396631391330
0.162132668701400
0.124290265114175
0.011830378381719
-0.267994895496958
0.066065274790784
0.052729420056407
0.036807252335020
-0.134052121957679
0.177165011087722
0.175847709402647
0.073233541687719
0.009311898477230
-0.011752417353832
0.247242186239874
-0.022985722207996
-0.005852473125881
-0.042467662863437
0.050333033587893
-0.000676581722209
0.053337518792530
0.131226279890999
-0.019124339745530
0.032684236231070
-0.122387072692707
-0.042999871067916
-0.078254496037196
0.005583712689867
0.075175055930971
0.076497586098312
0.014847796675826
-0.020353749500791
-0.011661267952197
0.017147722454877
-0.026004324121132
-0.008686795941821
-0.038636807911659
-0.008895688147858
-0.016413538373663
0.016456102650057
-0.026016188469191
-0.039644026264684
0.006777557286514
0.049297924843713
0.028566163256776
0.101839474772262
0.244486405986755
-0.058608809985247
-0.013547642472670
-0.030170772589146
-0.086675622875382
-0.045130955808750
-0.061519024960026
-0.019381876244240
-0.081763344353714
0.071971923570529
-0.012852244246046
0.004227589411025
0.017439499072277
0.010847706808946
-0.031729198166529
-0.055892834721540
-0.042358462093908
-0.001040571373977
0.070867597533605
0.045307984495360
-0.028122691289313
-0.019397538608169
0.017676699643323
-0.049966108136187
0.140570669367241
-0.050445723198573
-0.004278136280404
0.043102428940859
-0.108436337076531
0.008405479133110
0.054001619634943
0.041671820383148
-0.061648465849607
-0.071553858113455
0.019776814529304
-0.036710248274915
-0.099720336817096
-0.091233122278495
-0.009516468714257
0.039566872104760
-0.027615637886136
0.012107224938414
-0.017843218706383
-0.087829997415272
-0.005648949249025
-0.013801965086197
0.096132075373615
0.008787634604283
0.048077245600579
-0.016143986375797
0.039315644156410
-0.043793320732194
0.063528431801958
-0.032576923486935
-0.024081313497122
-0.047302731050383
0.006654028740172
0.011699869168466
-0.011530109587286
0.018734644026860
0.013857665243640
0.018426114456195
-0.024966107774995
0.025321503860838
-0.003453985778743
-0.019385880389116
-0.024823767693316
-0.025924879612181
0.113141198058863
-0.090398096711873
0.062518728578990
0.025528024577767
-0.002728021858932
-0.012431663806920
-0.026817715784251
-0.113679251248131
-0.006108063331655
-0.029458211973045
-0.021977671308871
0.032848006791306
0.024785463527093
-0.043993608255484
-0.000317137014018
-0.096097810643930
-0.090833195650763
0.035566611141503
-0.012883106466548
-0.006797536509957
-0.036435578584944
-0.019361572002389
0.034059708653117
-0.035197173244192
-0.015966956935155
0.018233569788360
-0.013615209504107
-0.013702988492483
0.021048688918633
-0.008504755950246
-0.014362933283046
0.069168229659572
0.008225286462046
-0.037396690019117
-0.036429702513937
-0.008111328580369
-0.004893536299943
0.028738125923321
-0.023660228504263
0.001673981435830
-0.008860144836656
-0.019751182600674
-0.023666878380702
-0.023974566225900
0.034991654997789
-0.010668793007656
-0.060497493739717
-0.003426132583616
-0.014527031048872
0.013946274888212
0.008218347894792
0.000852818176915
-0.100185309126232
0.071924158258950
0.008913863168270
-0.008438629022394
0.050166226597042
-0.077400411435156
-0.008090648253611
0.020458251012599
0.046298992270550
-0.022145525979310
0.091935382123590
0.022053331280925
-0.018419746120448
0.132815660440927
0.002350221343200
0.007144938313207
0.001964397510220
-0.128197215804596
0.066005312206657
0.031714108170806
0.017754050953367
0.012975785077255
0.003678464576711
0.059579118908036
0.010453754349023
-0.035933907231418
0.026637924579805
0.054125700550349
0.024468337322937
-0.031774444187909
0.018751442328825
-0.023442364394820
0.076004142500006
-0.017518343002995
-0.009498063431072
-0.022209303601830
0.090593029895351
0.036500723370287
0.041396798883471
0.014519354869224
0.044773248168332
-0.023518613241043
0.006767153428148
0.004620768158263
-0.012831039489856
-0.000081651823040
0.017190450426143
0.032709878295574
0.069949203045215
0.008659518847774
0.021266759011113
0.004662470938846
0.024171581790730
0.027076576873426
-0.047072529273121
-0.028233215189319
0.013398974560260
0.021636736547963
0.086276093036697
0.003442568107866
-0.001474355280367
-0.013526282878850
0.052334555559002
0.101344099400835
0.010983131080621
0.018992837080076
-0.202451341087013
-0.021390244830029
0.005723901226234
-0.014378476306993
0.013415192753000
-0.056983501627204
-0.004017437451836
0.085961267818156
-0.016102590676206
-0.033892685867907
-0.012587744230599
0.077013238983797
-0.003737729912799
0.019283748687787
0.029992315476032
0.041557208086857
0.003145263116124
0.002897340704915
-0.013348578064758
0.052958583605618
-0.014383776627445
-0.004408508013224
0.039059591957411
0.053167302026725
-0.012734865728418
-0.015203954263613
-0.028471473548366
0.091397787329001
-0.012115864901668
0.072761804752804
-0.015984360370273
-0.017666375079159
-0.014503532819650
0.005431492228148
0.128106008992265
0.103030097255922
0.027115556757607
-0.035090961174826
0.015132804042528
0.001840961668989
0.021842583521305
-0.035111644481620
0.003115240961831
-0.014985877354809
-0.018272328233118
-0.002836346291718
0.006438605891884
-0.058083467828138
-0.027089454942555
-0.024752857465126
0.115364791906192
0.045292551825752
0.074649916635070
-0.052556576402683
0.042490958103044
-0.012708170825674
-0.022750490087088
-0.011993768937661
-0.060757585554601
0.061684824789939
0.041589933190317
-0.097843337470091
-0.362715594919039
0.011246725512923
-0.038481423927125
-0.000685334472308
-0.132600897035700
-0.098456069836599
-0.020338252656792
-0.005104935293042
0.032845680721404
0.038461313983865
0.082722815811855
0.101061338570833
-0.011404256861628
-0.065683891484517
0.018164191839573
-0.006564662518097
-0.038364421513497
-0.010601620073819
0.009612187729059
0.017631654850958
-0.017840447218630
0.024221536566445
0.000995380018035
0.067190936863105
0.010636644263529
-0.011029216140734
0.106898658954794
0.088335729027203
0.003195305192038
-0.077281843925142
-0.066943734809764
0.035648613440862
-0.016858716469358
-0.007475860337317
0.014739168063090
0.022746783827193
0.103538471115397
0.045119788372351
0.025167762731525
-0.043165135036392
0.028013731746307
0.117193168184498
-0.047676482982432
0.028266932076963
-0.047248690708152
0.006973646523564
0.027256566936609
0.024394316037570
-0.008294041628374
0.007501914469838
0.045810679239736
-0.097628779653021
0.017072481540439
-0.021437864219781
0.049260981021578
0.038053093396342
-0.009519083500713
0.020755868571372
-0.009009813381543
0.014601822065901
0.008572913153814
-0.028226703229026
0.004136247158624
0.059324729603429
0.006099946191384
0.001156650675757
-0.030198612230958
0.012586467355267
-0.015540335729955
-0.093421550347694
-0.015206926599282
-0.076137941164510
-0.030253079360815
-0.100406793209983
0.000438865198060
0.022315480074753
0.048005521155160
-0.185890757714988
-0.014818932719589
-0.042123151281582
-0.000367920435024
0.047210625481350
0.007413297333939
-0.037854545369666
0.026179404066447
-0.008604586337383
