# overlapTApproxWhole
0.001887405733301
0.034802668904585
0.063510501491391
0.075483678898371
0.210278905026584
0.375834788553578
0.377398172037117
0.472083276913957
0.473406038951800
0.563446102696193
0.576206796965298
0.581659251621493
0.587891162033573
0.629078528388658
0.632188822284439
0.632903001488784
0.633570462329055
0.634631693742594
0.636788520495762
0.643525053004620
0.705902043540500
0.721324360177929
0.748391305768146
0.779077940240824
0.797955654203516
0.809420406708088
0.815430623922862
0.832983686368721
0.850532060795283
0.856742726493457
0.863076496073966
0.867220728789964
0.872212980076756
0.876638000176182
0.884399262349473
0.887622943073936
0.888347558275368
0.894489134397097
0.898800252583006
0.903494569267241
0.906634397030055
0.910219755509727
0.913272385954132
0.916115589498661
0.918968234983310
0.922344879047088
0.925005369929782
0.926761808030296
0.927805370155194
0.928391534329120
0.930695729561801
0.931624729504446
0.933914696138002
0.935509593645809
0.936553299379433
0.937673409013170
0.938772155775456
0.939248028877069
