# RMSDReductionsWhole
1.111604046781540
1.110932619818001
1.109361883418477
1.108434656314016
1.086752114910881
1.030110503661794
1.029403971766606
0.979940691831029
0.979151858631602
0.918356458657432
0.908519983184548
0.904216526006436
0.899222619107688
0.864097780433098
0.861288312536104
0.860639952885676
0.860032901627610
0.859065516003848
0.857091051854990
0.850851097847994
0.787361075347823
0.769895451094966
0.737280985785237
0.696895919904026
0.669982919914957
0.652767964411773
0.643458501641664
0.615048890554670
0.584619400044923
0.573304167811859
0.561442440089350
0.553495205147816
0.543715720220048
0.534849810573307
0.518821133447358
0.511973337503261
0.510417988729739
0.496987590832896
0.487281863534355
0.476433828622686
0.469005631780671
0.460344491445720
0.452812073863341
0.445658684207291
0.438341364484410
0.429488556378407
0.422359193402722
0.417574268379865
0.414700857301082
0.413076692676779
0.406619161397196
0.403981800428601
0.397394696805923
0.392731881724054
0.389645927461520
0.386302855123314
0.382991179599243
0.381547576680234
